403 375
401 376
402 376
403 376
405 376
414 376
415 376
400 377
402 377
403 377
404 377
405 377
406 377
408 377
411 377
412 377
413 377
414 377
398 378
399 378
400 378
401 378
402 378
404 378
406 378
407 378
408 378
409 378
411 378
413 378
414 378
415 378
417 378
398 379
399 379
400 379
401 379
402 379
403 379
404 379
406 379
407 379
408 379
410 379
411 379
412 379
413 379
415 379
416 379
417 379
395 380
396 380
397 380
398 380
399 380
400 380
401 380
402 380
403 380
404 380
406 380
407 380
409 380
410 380
411 380
413 380
414 380
415 380
416 380
394 381
395 381
396 381
398 381
399 381
402 381
403 381
404 381
406 381
407 381
408 381
409 381
411 381
412 381
413 381
414 381
416 381
417 381
394 382
395 382
396 382
398 382
399 382
400 382
401 382
403 382
404 382
405 382
406 382
408 382
409 382
410 382
411 382
412 382
413 382
414 382
415 382
416 382
392 383
393 383
395 383
396 383
397 383
399 383
401 383
402 383
403 383
405 383
406 383
407 383
408 383
409 383
410 383
412 383
413 383
414 383
415 383
419 383
421 383
422 383
390 384
392 384
393 384
394 384
396 384
397 384
398 384
399 384
400 384
402 384
403 384
404 384
405 384
406 384
407 384
408 384
410 384
411 384
413 384
414 384
415 384
416 384
418 384
419 384
420 384
421 384
389 385
390 385
391 385
393 385
394 385
395 385
397 385
399 385
400 385
401 385
402 385
404 385
405 385
406 385
408 385
409 385
411 385
413 385
415 385
416 385
417 385
418 385
420 385
421 385
422 385
424 385
389 386
390 386
391 386
392 386
394 386
395 386
396 386
397 386
399 386
400 386
401 386
402 386
403 386
404 386
406 386
407 386
408 386
409 386
410 386
411 386
412 386
413 386
416 386
417 386
418 386
419 386
420 386
422 386
423 386
424 386
387 387
388 387
390 387
391 387
392 387
393 387
395 387
396 387
397 387
399 387
401 387
403 387
404 387
405 387
406 387
409 387
411 387
414 387
415 387
416 387
417 387
418 387
419 387
420 387
421 387
422 387
423 387
387 388
388 388
389 388
391 388
392 388
393 388
394 388
396 388
397 388
398 388
399 388
400 388
401 388
402 388
403 388
404 388
406 388
407 388
408 388
409 388
410 388
411 388
412 388
414 388
417 388
418 388
419 388
421 388
423 388
385 389
386 389
388 389
389 389
390 389
392 389
393 389
394 389
395 389
397 389
399 389
400 389
402 389
403 389
404 389
405 389
407 389
409 389
412 389
413 389
414 389
415 389
416 389
418 389
419 389
420 389
421 389
422 389
423 389
384 390
385 390
386 390
387 390
389 390
390 390
391 390
393 390
394 390
395 390
396 390
397 390
399 390
400 390
401 390
402 390
404 390
405 390
406 390
407 390
408 390
409 390
410 390
412 390
414 390
416 390
417 390
418 390
420 390
421 390
385 391
386 391
387 391
388 391
390 391
391 391
392 391
394 391
395 391
396 391
397 391
399 391
400 391
401 391
402 391
403 391
405 391
406 391
407 391
408 391
410 391
411 391
412 391
413 391
414 391
415 391
417 391
418 391
419 391
420 391
422 391
383 392
384 392
386 392
387 392
388 392
389 392
391 392
392 392
393 392
395 392
396 392
397 392
398 392
400 392
401 392
403 392
405 392
406 392
407 392
408 392
409 392
410 392
412 392
414 392
415 392
416 392
417 392
418 392
419 392
421 392
422 392
423 392
383 393
384 393
385 393
387 393
388 393
389 393
390 393
392 393
393 393
394 393
396 393
397 393
398 393
399 393
400 393
401 393
402 393
403 393
404 393
405 393
408 393
409 393
410 393
411 393
412 393
414 393
416 393
417 393
419 393
420 393
421 393
422 393
381 394
382 394
384 394
385 394
386 394
388 394
389 394
390 394
391 394
393 394
394 394
395 394
397 394
398 394
399 394
400 394
402 394
404 394
405 394
406 394
408 394
409 394
410 394
412 394
413 394
414 394
415 394
416 394
417 394
418 394
419 394
420 394
421 394
422 394
423 394
380 395
381 395
382 395
383 395
385 395
386 395
387 395
389 395
390 395
391 395
392 395
394 395
395 395
396 395
398 395
399 395
400 395
401 395
402 395
403 395
404 395
406 395
407 395
408 395
409 395
410 395
411 395
413 395
415 395
416 395
417 395
418 395
423 395
424 395
380 396
381 396
382 396
383 396
384 396
386 396
387 396
388 396
390 396
391 396
392 396
393 396
395 396
396 396
397 396
399 396
400 396
401 396
402 396
403 396
404 396
405 396
406 396
407 396
410 396
411 396
412 396
413 396
414 396
415 396
416 396
418 396
419 396
420 396
421 396
422 396
423 396
380 397
383 397
384 397
385 397
386 397
387 397
388 397
389 397
390 397
391 397
392 397
393 397
394 397
396 397
397 397
398 397
400 397
401 397
404 397
405 397
407 397
408 397
409 397
411 397
412 397
413 397
414 397
416 397
417 397
418 397
419 397
420 397
421 397
423 397
424 397
425 397
378 398
379 398
380 398
381 398
382 398
384 398
388 398
392 398
393 398
394 398
395 398
397 398
398 398
399 398
400 398
401 398
402 398
404 398
405 398
406 398
407 398
409 398
410 398
411 398
412 398
414 398
415 398
416 398
417 398
419 398
420 398
421 398
422 398
423 398
424 398
378 399
379 399
380 399
381 399
382 399
383 399
384 399
385 399
386 399
387 399
388 399
389 399
390 399
391 399
393 399
394 399
395 399
396 399
398 399
399 399
400 399
402 399
403 399
404 399
405 399
407 399
408 399
409 399
410 399
412 399
413 399
414 399
415 399
417 399
418 399
420 399
421 399
422 399
424 399
377 400
378 400
379 400
380 400
382 400
384 400
385 400
386 400
388 400
389 400
390 400
391 400
392 400
393 400
394 400
395 400
396 400
397 400
398 400
399 400
400 400
401 400
402 400
403 400
404 400
405 400
406 400
407 400
408 400
409 400
410 400
411 400
412 400
414 400
415 400
416 400
418 400
420 400
421 400
422 400
423 400
376 401
378 401
379 401
380 401
382 401
383 401
385 401
386 401
387 401
388 401
390 401
391 401
392 401
393 401
395 401
396 401
397 401
398 401
400 401
401 401
402 401
404 401
405 401
406 401
407 401
409 401
410 401
411 401
412 401
413 401
414 401
415 401
416 401
417 401
418 401
419 401
420 401
421 401
422 401
376 402
377 402
378 402
379 402
380 402
381 402
383 402
384 402
385 402
386 402
388 402
389 402
390 402
391 402
393 402
394 402
395 402
396 402
398 402
399 402
400 402
401 402
402 402
403 402
405 402
406 402
407 402
408 402
412 402
416 402
418 402
419 402
420 402
421 402
422 402
375 403
376 403
377 403
379 403
380 403
381 403
382 403
383 403
384 403
386 403
387 403
388 403
389 403
391 403
392 403
393 403
395 403
396 403
399 403
400 403
402 403
403 403
404 403
406 403
407 403
408 403
409 403
410 403
411 403
412 403
413 403
414 403
415 403
416 403
417 403
420 403
377 404
378 404
379 404
380 404
381 404
382 404
384 404
385 404
386 404
387 404
388 404
389 404
390 404
393 404
394 404
395 404
396 404
397 404
398 404
399 404
400 404
401 404
403 404
404 404
405 404
407 404
408 404
409 404
410 404
412 404
413 404
414 404
416 404
417 404
418 404
419 404
420 404
376 405
377 405
382 405
383 405
384 405
385 405
387 405
389 405
390 405
391 405
392 405
393 405
394 405
396 405
397 405
398 405
399 405
400 405
401 405
402 405
404 405
405 405
406 405
408 405
409 405
410 405
411 405
413 405
414 405
415 405
417 405
418 405
419 405
420 405
377 406
378 406
379 406
380 406
381 406
382 406
383 406
384 406
385 406
386 406
387 406
388 406
390 406
391 406
392 406
394 406
395 406
396 406
398 406
400 406
401 406
402 406
403 406
405 406
406 406
407 406
409 406
410 406
411 406
412 406
414 406
415 406
416 406
418 406
419 406
378 407
379 407
380 407
381 407
383 407
384 407
386 407
388 407
389 407
390 407
391 407
392 407
395 407
396 407
397 407
398 407
399 407
400 407
401 407
402 407
403 407
404 407
406 407
407 407
408 407
410 407
411 407
412 407
413 407
415 407
416 407
417 407
377 408
378 408
379 408
381 408
382 408
383 408
384 408
385 408
386 408
388 408
390 408
391 408
392 408
393 408
394 408
395 408
397 408
399 408
400 408
402 408
403 408
404 408
405 408
407 408
408 408
409 408
411 408
412 408
413 408
414 408
416 408
417 408
378 409
380 409
381 409
382 409
383 409
385 409
386 409
387 409
388 409
389 409
390 409
392 409
393 409
394 409
395 409
397 409
398 409
399 409
400 409
401 409
403 409
404 409
405 409
406 409
408 409
409 409
410 409
412 409
413 409
414 409
415 409
379 410
380 410
382 410
383 410
384 410
386 410
388 410
390 410
391 410
392 410
393 410
394 410
395 410
396 410
398 410
399 410
400 410
401 410
403 410
404 410
405 410
406 410
407 410
409 410
410 410
411 410
413 410
414 410
415 410
416 410
377 411
378 411
379 411
380 411
381 411
382 411
384 411
385 411
386 411
387 411
388 411
391 411
393 411
395 411
396 411
397 411
398 411
400 411
401 411
403 411
405 411
406 411
407 411
408 411
410 411
411 411
412 411
414 411
415 411
377 412
379 412
381 412
382 412
383 412
386 412
388 412
389 412
390 412
391 412
392 412
393 412
394 412
396 412
397 412
398 412
399 412
400 412
401 412
402 412
403 412
404 412
406 412
407 412
408 412
409 412
411 412
412 412
413 412
377 413
378 413
379 413
380 413
381 413
382 413
383 413
384 413
385 413
386 413
389 413
391 413
394 413
395 413
396 413
397 413
399 413
401 413
403 413
404 413
405 413
407 413
408 413
409 413
410 413
412 413
413 413
376 414
377 414
378 414
380 414
381 414
382 414
383 414
384 414
387 414
388 414
389 414
390 414
391 414
392 414
393 414
394 414
396 414
397 414
398 414
399 414
400 414
401 414
403 414
404 414
405 414
406 414
408 414
409 414
410 414
411 414
376 415
378 415
379 415
380 415
382 415
383 415
384 415
385 415
387 415
389 415
391 415
392 415
394 415
395 415
396 415
398 415
399 415
400 415
401 415
403 415
405 415
406 415
407 415
409 415
410 415
411 415
379 416
380 416
381 416
382 416
384 416
385 416
386 416
387 416
389 416
390 416
392 416
393 416
394 416
395 416
396 416
397 416
398 416
400 416
401 416
402 416
403 416
404 416
406 416
407 416
408 416
410 416
378 417
379 417
381 417
385 417
386 417
387 417
388 417
390 417
391 417
392 417
393 417
394 417
395 417
397 417
398 417
399 417
401 417
403 417
404 417
405 417
407 417
408 417
384 418
385 418
386 418
387 418
388 418
389 418
390 418
391 418
392 418
394 418
395 418
396 418
397 418
399 418
400 418
401 418
402 418
404 418
405 418
406 418
383 419
384 419
386 419
387 419
388 419
389 419
391 419
392 419
393 419
394 419
396 419
397 419
398 419
401 419
402 419
404 419
405 419
406 419
384 420
385 420
386 420
387 420
389 420
390 420
391 420
393 420
394 420
396 420
397 420
398 420
399 420
400 420
401 420
402 420
403 420
404 420
405 420
383 421
384 421
385 421
387 421
388 421
389 421
390 421
392 421
393 421
394 421
396 421
397 421
398 421
399 421
400 421
401 421
402 421
383 422
385 422
386 422
387 422
389 422
391 422
392 422
393 422
394 422
396 422
398 422
399 422
400 422
401 422
402 422
386 423
387 423
388 423
389 423
392 423
394 423
395 423
396 423
397 423
398 423
400 423
385 424
386 424
395 424
397 424
398 424
399 424
397 425
