400 349
401 349
402 349
403 349
404 349
405 349
406 349
407 349
408 349
409 349
410 349
411 349
412 349
413 349
414 349
415 349
416 349
417 349
418 349
419 349
420 349
421 349
422 349
423 349
424 349
425 349
426 349
427 349
428 349
429 349
430 349
431 349
432 349
433 349
434 349
435 349
436 349
437 349
438 349
439 349
440 349
441 349
442 349
443 349
444 349
445 349
446 349
447 349
448 349
449 349
450 349
399 350
400 350
401 350
402 350
403 350
404 350
405 350
406 350
407 350
408 350
409 350
410 350
411 350
412 350
413 350
414 350
415 350
416 350
417 350
418 350
419 350
420 350
421 350
422 350
423 350
424 350
425 350
426 350
427 350
428 350
429 350
430 350
431 350
432 350
433 350
434 350
435 350
436 350
437 350
438 350
439 350
440 350
441 350
442 350
443 350
444 350
445 350
446 350
447 350
448 350
449 350
450 350
451 350
398 351
399 351
400 351
401 351
402 351
403 351
404 351
405 351
406 351
407 351
408 351
409 351
410 351
411 351
412 351
413 351
414 351
415 351
416 351
417 351
418 351
419 351
420 351
421 351
422 351
423 351
424 351
425 351
426 351
427 351
428 351
429 351
430 351
431 351
432 351
433 351
434 351
435 351
436 351
437 351
438 351
439 351
440 351
441 351
442 351
443 351
444 351
445 351
446 351
447 351
448 351
449 351
450 351
451 351
397 352
398 352
399 352
400 352
401 352
402 352
403 352
404 352
405 352
406 352
407 352
408 352
409 352
410 352
411 352
412 352
413 352
414 352
415 352
416 352
417 352
418 352
419 352
420 352
421 352
422 352
423 352
424 352
425 352
426 352
427 352
428 352
429 352
430 352
431 352
432 352
433 352
434 352
435 352
436 352
437 352
438 352
439 352
440 352
441 352
442 352
443 352
444 352
445 352
446 352
447 352
448 352
449 352
450 352
451 352
396 353
397 353
398 353
399 353
400 353
401 353
402 353
403 353
404 353
405 353
406 353
407 353
408 353
409 353
410 353
411 353
412 353
413 353
414 353
415 353
416 353
417 353
418 353
419 353
420 353
421 353
422 353
423 353
424 353
425 353
426 353
427 353
428 353
429 353
430 353
431 353
432 353
433 353
434 353
435 353
436 353
437 353
438 353
439 353
440 353
441 353
442 353
443 353
444 353
445 353
446 353
447 353
448 353
449 353
450 353
451 353
395 354
396 354
397 354
398 354
399 354
400 354
401 354
402 354
403 354
404 354
405 354
406 354
407 354
408 354
409 354
410 354
411 354
412 354
413 354
414 354
415 354
416 354
417 354
418 354
419 354
420 354
421 354
422 354
423 354
424 354
425 354
426 354
427 354
428 354
429 354
430 354
431 354
432 354
433 354
434 354
435 354
436 354
437 354
438 354
439 354
440 354
441 354
442 354
443 354
444 354
445 354
446 354
447 354
448 354
449 354
450 354
451 354
394 355
395 355
396 355
397 355
398 355
399 355
400 355
401 355
402 355
403 355
404 355
405 355
406 355
407 355
408 355
409 355
410 355
411 355
412 355
413 355
414 355
415 355
416 355
417 355
418 355
419 355
420 355
421 355
422 355
423 355
424 355
425 355
426 355
427 355
428 355
429 355
430 355
431 355
432 355
433 355
434 355
435 355
436 355
437 355
438 355
439 355
440 355
441 355
442 355
443 355
444 355
445 355
446 355
447 355
448 355
449 355
450 355
451 355
393 356
394 356
395 356
396 356
397 356
398 356
399 356
400 356
401 356
402 356
403 356
404 356
405 356
406 356
407 356
408 356
409 356
410 356
411 356
412 356
413 356
414 356
415 356
416 356
417 356
418 356
419 356
420 356
421 356
422 356
423 356
424 356
425 356
426 356
427 356
428 356
429 356
430 356
431 356
432 356
433 356
434 356
435 356
436 356
437 356
438 356
439 356
440 356
441 356
442 356
443 356
444 356
445 356
446 356
447 356
448 356
449 356
450 356
451 356
392 357
393 357
394 357
395 357
396 357
397 357
398 357
399 357
400 357
401 357
402 357
403 357
404 357
405 357
406 357
407 357
408 357
409 357
410 357
411 357
412 357
413 357
414 357
415 357
416 357
417 357
418 357
419 357
420 357
421 357
422 357
423 357
424 357
425 357
426 357
427 357
428 357
429 357
430 357
431 357
432 357
433 357
434 357
435 357
436 357
437 357
438 357
439 357
440 357
441 357
442 357
443 357
444 357
445 357
446 357
447 357
448 357
449 357
450 357
451 357
391 358
392 358
393 358
394 358
395 358
396 358
397 358
398 358
399 358
400 358
401 358
402 358
403 358
404 358
405 358
406 358
407 358
408 358
409 358
410 358
411 358
412 358
413 358
414 358
415 358
416 358
417 358
418 358
419 358
420 358
421 358
422 358
423 358
424 358
425 358
426 358
427 358
428 358
429 358
430 358
431 358
432 358
433 358
434 358
435 358
436 358
437 358
438 358
439 358
440 358
441 358
442 358
443 358
444 358
445 358
446 358
447 358
448 358
449 358
450 358
451 358
390 359
391 359
392 359
393 359
394 359
395 359
396 359
397 359
398 359
399 359
400 359
401 359
402 359
403 359
404 359
405 359
406 359
407 359
408 359
409 359
410 359
411 359
412 359
413 359
414 359
415 359
416 359
417 359
418 359
419 359
420 359
421 359
422 359
423 359
424 359
425 359
426 359
427 359
428 359
429 359
430 359
431 359
432 359
433 359
434 359
435 359
436 359
437 359
438 359
439 359
440 359
441 359
442 359
443 359
444 359
445 359
446 359
447 359
448 359
449 359
450 359
451 359
389 360
390 360
391 360
392 360
393 360
394 360
395 360
396 360
397 360
398 360
399 360
400 360
401 360
402 360
403 360
404 360
405 360
406 360
407 360
408 360
409 360
410 360
411 360
412 360
413 360
414 360
415 360
416 360
417 360
418 360
419 360
420 360
421 360
422 360
423 360
424 360
425 360
426 360
427 360
428 360
429 360
430 360
431 360
432 360
433 360
434 360
435 360
436 360
437 360
438 360
439 360
440 360
441 360
442 360
443 360
444 360
445 360
446 360
447 360
448 360
449 360
450 360
451 360
388 361
389 361
390 361
391 361
392 361
393 361
394 361
395 361
396 361
397 361
398 361
399 361
400 361
401 361
402 361
403 361
404 361
405 361
406 361
407 361
408 361
409 361
410 361
411 361
412 361
413 361
414 361
415 361
416 361
417 361
418 361
419 361
420 361
421 361
422 361
423 361
424 361
425 361
426 361
427 361
428 361
429 361
430 361
431 361
432 361
433 361
434 361
435 361
436 361
437 361
438 361
439 361
440 361
441 361
442 361
443 361
444 361
445 361
446 361
447 361
448 361
449 361
450 361
451 361
387 362
388 362
389 362
390 362
391 362
392 362
393 362
394 362
395 362
396 362
397 362
398 362
399 362
400 362
401 362
402 362
403 362
404 362
405 362
406 362
407 362
408 362
409 362
410 362
411 362
412 362
413 362
414 362
415 362
416 362
417 362
418 362
419 362
420 362
421 362
422 362
423 362
424 362
425 362
426 362
427 362
428 362
429 362
430 362
431 362
432 362
433 362
434 362
435 362
436 362
437 362
438 362
439 362
440 362
441 362
442 362
443 362
444 362
445 362
446 362
447 362
448 362
449 362
450 362
451 362
386 363
387 363
388 363
389 363
390 363
391 363
392 363
393 363
394 363
395 363
396 363
397 363
398 363
399 363
400 363
401 363
402 363
403 363
404 363
405 363
406 363
407 363
408 363
409 363
410 363
411 363
412 363
413 363
414 363
415 363
416 363
417 363
418 363
419 363
420 363
421 363
422 363
423 363
424 363
425 363
426 363
427 363
428 363
429 363
430 363
431 363
432 363
433 363
434 363
435 363
436 363
437 363
438 363
439 363
440 363
441 363
442 363
443 363
444 363
445 363
446 363
447 363
448 363
449 363
450 363
451 363
385 364
386 364
387 364
388 364
389 364
390 364
391 364
392 364
393 364
394 364
395 364
396 364
397 364
398 364
399 364
400 364
401 364
402 364
403 364
404 364
405 364
406 364
407 364
408 364
409 364
410 364
411 364
412 364
413 364
414 364
415 364
416 364
417 364
418 364
419 364
420 364
421 364
422 364
423 364
424 364
425 364
426 364
427 364
428 364
429 364
430 364
431 364
432 364
433 364
434 364
435 364
436 364
437 364
438 364
439 364
440 364
441 364
442 364
443 364
444 364
445 364
446 364
447 364
448 364
449 364
450 364
451 364
384 365
385 365
386 365
387 365
388 365
389 365
390 365
391 365
392 365
393 365
394 365
395 365
396 365
397 365
398 365
399 365
400 365
401 365
402 365
403 365
404 365
405 365
406 365
407 365
408 365
409 365
410 365
411 365
412 365
413 365
414 365
415 365
416 365
417 365
418 365
419 365
420 365
421 365
422 365
423 365
424 365
425 365
426 365
427 365
428 365
429 365
430 365
431 365
432 365
433 365
434 365
435 365
436 365
437 365
438 365
439 365
440 365
441 365
442 365
443 365
444 365
445 365
446 365
447 365
448 365
449 365
450 365
451 365
383 366
384 366
385 366
386 366
387 366
388 366
389 366
390 366
391 366
392 366
393 366
394 366
395 366
396 366
397 366
398 366
399 366
400 366
401 366
402 366
403 366
404 366
405 366
406 366
407 366
408 366
409 366
410 366
411 366
412 366
413 366
414 366
415 366
416 366
417 366
418 366
419 366
420 366
421 366
422 366
423 366
424 366
425 366
426 366
427 366
428 366
429 366
430 366
431 366
432 366
433 366
434 366
435 366
436 366
437 366
438 366
439 366
440 366
441 366
442 366
443 366
444 366
445 366
446 366
447 366
448 366
449 366
450 366
451 366
382 367
383 367
384 367
385 367
386 367
387 367
388 367
389 367
390 367
391 367
392 367
393 367
394 367
395 367
396 367
397 367
398 367
399 367
400 367
401 367
402 367
403 367
404 367
405 367
406 367
407 367
408 367
409 367
410 367
411 367
412 367
413 367
414 367
415 367
416 367
417 367
418 367
419 367
420 367
421 367
422 367
423 367
424 367
425 367
426 367
427 367
428 367
429 367
430 367
431 367
432 367
433 367
434 367
435 367
436 367
437 367
438 367
439 367
440 367
441 367
442 367
443 367
444 367
445 367
446 367
447 367
448 367
449 367
450 367
451 367
381 368
382 368
383 368
384 368
385 368
386 368
387 368
388 368
389 368
390 368
391 368
392 368
393 368
394 368
395 368
396 368
397 368
398 368
399 368
400 368
401 368
402 368
403 368
404 368
405 368
406 368
407 368
408 368
409 368
410 368
411 368
412 368
413 368
414 368
415 368
416 368
417 368
418 368
419 368
420 368
421 368
422 368
423 368
424 368
425 368
426 368
427 368
428 368
429 368
430 368
431 368
432 368
433 368
434 368
435 368
436 368
437 368
438 368
439 368
440 368
441 368
442 368
443 368
444 368
445 368
446 368
447 368
448 368
449 368
450 368
451 368
380 369
381 369
382 369
383 369
384 369
385 369
386 369
387 369
388 369
389 369
390 369
391 369
392 369
393 369
394 369
395 369
396 369
397 369
398 369
399 369
400 369
401 369
402 369
403 369
404 369
405 369
406 369
407 369
408 369
409 369
410 369
411 369
412 369
413 369
414 369
415 369
416 369
417 369
418 369
419 369
420 369
421 369
422 369
423 369
424 369
425 369
426 369
427 369
428 369
429 369
430 369
431 369
432 369
433 369
434 369
435 369
436 369
437 369
438 369
439 369
440 369
441 369
442 369
443 369
444 369
445 369
446 369
447 369
448 369
449 369
450 369
451 369
379 370
380 370
381 370
382 370
383 370
384 370
385 370
386 370
387 370
388 370
389 370
390 370
391 370
392 370
393 370
394 370
395 370
396 370
397 370
398 370
399 370
400 370
401 370
402 370
403 370
404 370
405 370
406 370
407 370
408 370
409 370
410 370
411 370
412 370
413 370
414 370
415 370
416 370
417 370
418 370
419 370
420 370
421 370
422 370
423 370
424 370
425 370
426 370
427 370
428 370
429 370
430 370
431 370
432 370
433 370
434 370
435 370
436 370
437 370
438 370
439 370
440 370
441 370
442 370
443 370
444 370
445 370
446 370
447 370
448 370
449 370
450 370
451 370
378 371
379 371
380 371
381 371
382 371
383 371
384 371
385 371
386 371
387 371
388 371
389 371
390 371
391 371
392 371
393 371
394 371
395 371
396 371
397 371
398 371
399 371
400 371
401 371
402 371
403 371
404 371
405 371
406 371
407 371
408 371
409 371
410 371
411 371
412 371
413 371
414 371
415 371
416 371
417 371
418 371
419 371
420 371
421 371
422 371
423 371
424 371
425 371
426 371
427 371
428 371
429 371
430 371
431 371
432 371
433 371
434 371
435 371
436 371
437 371
438 371
439 371
440 371
441 371
442 371
443 371
444 371
445 371
446 371
447 371
448 371
449 371
450 371
451 371
377 372
378 372
379 372
380 372
381 372
382 372
383 372
384 372
385 372
386 372
387 372
388 372
389 372
390 372
391 372
392 372
393 372
394 372
395 372
396 372
397 372
398 372
399 372
400 372
401 372
402 372
403 372
404 372
405 372
406 372
407 372
408 372
409 372
410 372
411 372
412 372
413 372
414 372
415 372
416 372
417 372
418 372
419 372
420 372
421 372
422 372
423 372
424 372
425 372
426 372
427 372
428 372
429 372
430 372
431 372
432 372
433 372
434 372
435 372
436 372
437 372
438 372
439 372
440 372
441 372
442 372
443 372
444 372
445 372
446 372
447 372
448 372
449 372
450 372
451 372
376 373
377 373
378 373
379 373
380 373
381 373
382 373
383 373
384 373
385 373
386 373
387 373
388 373
389 373
390 373
391 373
392 373
393 373
394 373
395 373
396 373
397 373
398 373
399 373
400 373
401 373
402 373
403 373
404 373
405 373
406 373
407 373
408 373
409 373
410 373
411 373
412 373
413 373
414 373
415 373
416 373
417 373
418 373
419 373
420 373
421 373
422 373
423 373
424 373
425 373
426 373
427 373
428 373
429 373
430 373
431 373
432 373
433 373
434 373
435 373
436 373
437 373
438 373
439 373
440 373
441 373
442 373
443 373
444 373
445 373
446 373
447 373
448 373
449 373
450 373
451 373
375 374
376 374
377 374
378 374
379 374
380 374
381 374
382 374
383 374
384 374
385 374
386 374
387 374
388 374
389 374
390 374
391 374
392 374
393 374
394 374
395 374
396 374
397 374
398 374
399 374
400 374
401 374
402 374
403 374
404 374
405 374
406 374
407 374
408 374
409 374
410 374
411 374
412 374
413 374
414 374
415 374
416 374
417 374
418 374
419 374
420 374
421 374
422 374
423 374
424 374
425 374
426 374
427 374
428 374
429 374
430 374
431 374
432 374
433 374
434 374
435 374
436 374
437 374
438 374
439 374
440 374
441 374
442 374
443 374
444 374
445 374
446 374
447 374
448 374
449 374
450 374
451 374
374 375
375 375
376 375
377 375
378 375
379 375
380 375
381 375
382 375
383 375
384 375
385 375
386 375
387 375
388 375
389 375
390 375
391 375
392 375
393 375
394 375
395 375
396 375
397 375
398 375
399 375
400 375
401 375
402 375
403 375
404 375
405 375
406 375
407 375
408 375
409 375
410 375
411 375
412 375
413 375
414 375
415 375
416 375
417 375
418 375
419 375
420 375
421 375
422 375
423 375
424 375
425 375
426 375
427 375
428 375
429 375
430 375
431 375
432 375
433 375
434 375
435 375
436 375
437 375
438 375
439 375
440 375
441 375
442 375
443 375
444 375
445 375
446 375
447 375
448 375
449 375
450 375
451 375
373 376
374 376
375 376
376 376
377 376
378 376
379 376
380 376
381 376
382 376
383 376
384 376
385 376
386 376
387 376
388 376
389 376
390 376
391 376
392 376
393 376
394 376
395 376
396 376
397 376
398 376
399 376
400 376
401 376
402 376
403 376
404 376
405 376
406 376
407 376
408 376
409 376
410 376
411 376
412 376
413 376
414 376
415 376
416 376
417 376
418 376
419 376
420 376
421 376
422 376
423 376
424 376
425 376
426 376
427 376
428 376
429 376
430 376
431 376
432 376
433 376
434 376
435 376
436 376
437 376
438 376
439 376
440 376
441 376
442 376
443 376
444 376
445 376
446 376
447 376
448 376
449 376
450 376
451 376
372 377
373 377
374 377
375 377
376 377
377 377
378 377
379 377
380 377
381 377
382 377
383 377
384 377
385 377
386 377
387 377
388 377
389 377
390 377
391 377
392 377
393 377
394 377
395 377
396 377
397 377
398 377
399 377
400 377
401 377
402 377
403 377
404 377
405 377
406 377
407 377
408 377
409 377
410 377
411 377
412 377
413 377
414 377
415 377
416 377
417 377
418 377
419 377
420 377
421 377
422 377
423 377
424 377
425 377
426 377
427 377
428 377
429 377
430 377
431 377
432 377
433 377
434 377
435 377
436 377
437 377
438 377
439 377
440 377
441 377
442 377
443 377
444 377
445 377
446 377
447 377
448 377
449 377
450 377
451 377
371 378
372 378
373 378
374 378
375 378
376 378
377 378
378 378
379 378
380 378
381 378
382 378
383 378
384 378
385 378
386 378
387 378
388 378
389 378
390 378
391 378
392 378
393 378
394 378
395 378
396 378
397 378
398 378
399 378
400 378
401 378
402 378
403 378
404 378
405 378
406 378
407 378
408 378
409 378
410 378
411 378
412 378
413 378
414 378
415 378
416 378
417 378
418 378
419 378
420 378
421 378
422 378
423 378
424 378
425 378
426 378
427 378
428 378
429 378
430 378
431 378
432 378
433 378
434 378
435 378
436 378
437 378
438 378
439 378
440 378
441 378
442 378
443 378
444 378
445 378
446 378
447 378
448 378
449 378
450 378
451 378
370 379
371 379
372 379
373 379
374 379
375 379
376 379
377 379
378 379
379 379
380 379
381 379
382 379
383 379
384 379
385 379
386 379
387 379
388 379
389 379
390 379
391 379
392 379
393 379
394 379
395 379
396 379
397 379
398 379
399 379
400 379
401 379
402 379
403 379
404 379
405 379
406 379
407 379
408 379
409 379
410 379
411 379
412 379
413 379
414 379
415 379
416 379
417 379
418 379
419 379
420 379
421 379
422 379
423 379
424 379
425 379
426 379
427 379
428 379
429 379
430 379
431 379
432 379
433 379
434 379
435 379
436 379
437 379
438 379
439 379
440 379
441 379
442 379
443 379
444 379
445 379
446 379
447 379
448 379
449 379
450 379
451 379
369 380
370 380
371 380
372 380
373 380
374 380
375 380
376 380
377 380
378 380
379 380
380 380
381 380
382 380
383 380
384 380
385 380
386 380
387 380
388 380
389 380
390 380
391 380
392 380
393 380
394 380
395 380
396 380
397 380
398 380
399 380
400 380
401 380
402 380
403 380
404 380
405 380
406 380
407 380
408 380
409 380
410 380
411 380
412 380
413 380
414 380
415 380
416 380
417 380
418 380
419 380
420 380
421 380
422 380
423 380
424 380
425 380
426 380
427 380
428 380
429 380
430 380
431 380
432 380
433 380
434 380
435 380
436 380
437 380
438 380
439 380
440 380
441 380
442 380
443 380
444 380
445 380
446 380
447 380
448 380
449 380
450 380
451 380
368 381
369 381
370 381
371 381
372 381
373 381
374 381
375 381
376 381
377 381
378 381
379 381
380 381
381 381
382 381
383 381
384 381
385 381
386 381
387 381
388 381
389 381
390 381
391 381
392 381
393 381
394 381
395 381
396 381
397 381
398 381
399 381
400 381
401 381
402 381
403 381
404 381
405 381
406 381
407 381
408 381
409 381
410 381
411 381
412 381
413 381
414 381
415 381
416 381
417 381
418 381
419 381
420 381
421 381
422 381
423 381
424 381
425 381
426 381
427 381
428 381
429 381
430 381
431 381
432 381
433 381
434 381
435 381
436 381
437 381
438 381
439 381
440 381
441 381
442 381
443 381
444 381
445 381
446 381
447 381
448 381
449 381
450 381
451 381
367 382
368 382
369 382
370 382
371 382
372 382
373 382
374 382
375 382
376 382
377 382
378 382
379 382
380 382
381 382
382 382
383 382
384 382
385 382
386 382
387 382
388 382
389 382
390 382
391 382
392 382
393 382
394 382
395 382
396 382
397 382
398 382
399 382
400 382
401 382
402 382
403 382
404 382
405 382
406 382
407 382
408 382
409 382
410 382
411 382
412 382
413 382
414 382
415 382
416 382
417 382
418 382
419 382
420 382
421 382
422 382
423 382
424 382
425 382
426 382
427 382
428 382
429 382
430 382
431 382
432 382
433 382
434 382
435 382
436 382
437 382
438 382
439 382
440 382
441 382
442 382
443 382
444 382
445 382
446 382
447 382
448 382
449 382
450 382
451 382
366 383
367 383
368 383
369 383
370 383
371 383
372 383
373 383
374 383
375 383
376 383
377 383
378 383
379 383
380 383
381 383
382 383
383 383
384 383
385 383
386 383
387 383
388 383
389 383
390 383
391 383
392 383
393 383
394 383
395 383
396 383
397 383
398 383
399 383
400 383
401 383
402 383
403 383
404 383
405 383
406 383
407 383
408 383
409 383
410 383
411 383
412 383
413 383
414 383
415 383
416 383
417 383
418 383
419 383
420 383
421 383
422 383
423 383
424 383
425 383
426 383
427 383
428 383
429 383
430 383
431 383
432 383
433 383
434 383
435 383
436 383
437 383
438 383
439 383
440 383
441 383
442 383
443 383
444 383
445 383
446 383
447 383
448 383
449 383
450 383
451 383
365 384
366 384
367 384
368 384
369 384
370 384
371 384
372 384
373 384
374 384
375 384
376 384
377 384
378 384
379 384
380 384
381 384
382 384
383 384
384 384
385 384
386 384
387 384
388 384
389 384
390 384
391 384
392 384
393 384
394 384
395 384
396 384
397 384
398 384
399 384
400 384
401 384
402 384
403 384
404 384
405 384
406 384
407 384
408 384
409 384
410 384
411 384
412 384
413 384
414 384
415 384
416 384
417 384
418 384
419 384
420 384
421 384
422 384
423 384
424 384
425 384
426 384
427 384
428 384
429 384
430 384
431 384
432 384
433 384
434 384
435 384
436 384
437 384
438 384
439 384
440 384
441 384
442 384
443 384
444 384
445 384
446 384
447 384
448 384
449 384
450 384
451 384
364 385
365 385
366 385
367 385
368 385
369 385
370 385
371 385
372 385
373 385
374 385
375 385
376 385
377 385
378 385
379 385
380 385
381 385
382 385
383 385
384 385
385 385
386 385
387 385
388 385
389 385
390 385
391 385
392 385
393 385
394 385
395 385
396 385
397 385
398 385
399 385
400 385
401 385
402 385
403 385
404 385
405 385
406 385
407 385
408 385
409 385
410 385
411 385
412 385
413 385
414 385
415 385
416 385
417 385
418 385
419 385
420 385
421 385
422 385
423 385
424 385
425 385
426 385
427 385
428 385
429 385
430 385
431 385
432 385
433 385
434 385
435 385
436 385
437 385
438 385
439 385
440 385
441 385
442 385
443 385
444 385
445 385
446 385
447 385
448 385
449 385
450 385
451 385
363 386
364 386
365 386
366 386
367 386
368 386
369 386
370 386
371 386
372 386
373 386
374 386
375 386
376 386
377 386
378 386
379 386
380 386
381 386
382 386
383 386
384 386
385 386
386 386
387 386
388 386
389 386
390 386
391 386
392 386
393 386
394 386
395 386
396 386
397 386
398 386
399 386
400 386
401 386
402 386
403 386
404 386
405 386
406 386
407 386
408 386
409 386
410 386
411 386
412 386
413 386
414 386
415 386
416 386
417 386
418 386
419 386
420 386
421 386
422 386
423 386
424 386
425 386
426 386
427 386
428 386
429 386
430 386
431 386
432 386
433 386
434 386
435 386
436 386
437 386
438 386
439 386
440 386
441 386
442 386
443 386
444 386
445 386
446 386
447 386
448 386
449 386
450 386
451 386
362 387
363 387
364 387
365 387
366 387
367 387
368 387
369 387
370 387
371 387
372 387
373 387
374 387
375 387
376 387
377 387
378 387
379 387
380 387
381 387
382 387
383 387
384 387
385 387
386 387
387 387
388 387
389 387
390 387
391 387
392 387
393 387
394 387
395 387
396 387
397 387
398 387
399 387
400 387
401 387
402 387
403 387
404 387
405 387
406 387
407 387
408 387
409 387
410 387
411 387
412 387
413 387
414 387
415 387
416 387
417 387
418 387
419 387
420 387
421 387
422 387
423 387
424 387
425 387
426 387
427 387
428 387
429 387
430 387
431 387
432 387
433 387
434 387
435 387
436 387
437 387
438 387
439 387
440 387
441 387
442 387
443 387
444 387
445 387
446 387
447 387
448 387
449 387
450 387
451 387
361 388
362 388
363 388
364 388
365 388
366 388
367 388
368 388
369 388
370 388
371 388
372 388
373 388
374 388
375 388
376 388
377 388
378 388
379 388
380 388
381 388
382 388
383 388
384 388
385 388
386 388
387 388
388 388
389 388
390 388
391 388
392 388
393 388
394 388
395 388
396 388
397 388
398 388
399 388
400 388
401 388
402 388
403 388
404 388
405 388
406 388
407 388
408 388
409 388
410 388
411 388
412 388
413 388
414 388
415 388
416 388
417 388
418 388
419 388
420 388
421 388
422 388
423 388
424 388
425 388
426 388
427 388
428 388
429 388
430 388
431 388
432 388
433 388
434 388
435 388
436 388
437 388
438 388
439 388
440 388
441 388
442 388
443 388
444 388
445 388
446 388
447 388
448 388
449 388
450 388
451 388
360 389
361 389
362 389
363 389
364 389
365 389
366 389
367 389
368 389
369 389
370 389
371 389
372 389
373 389
374 389
375 389
376 389
377 389
378 389
379 389
380 389
381 389
382 389
383 389
384 389
385 389
386 389
387 389
388 389
389 389
390 389
391 389
392 389
393 389
394 389
395 389
396 389
397 389
398 389
399 389
400 389
401 389
402 389
403 389
404 389
405 389
406 389
407 389
408 389
409 389
410 389
411 389
412 389
413 389
414 389
415 389
416 389
417 389
418 389
419 389
420 389
421 389
422 389
423 389
424 389
425 389
426 389
427 389
428 389
429 389
430 389
431 389
432 389
433 389
434 389
435 389
436 389
437 389
438 389
439 389
440 389
441 389
442 389
443 389
444 389
445 389
446 389
447 389
448 389
449 389
450 389
451 389
359 390
360 390
361 390
362 390
363 390
364 390
365 390
366 390
367 390
368 390
369 390
370 390
371 390
372 390
373 390
374 390
375 390
376 390
377 390
378 390
379 390
380 390
381 390
382 390
383 390
384 390
385 390
386 390
387 390
388 390
389 390
390 390
391 390
392 390
393 390
394 390
395 390
396 390
397 390
398 390
399 390
400 390
401 390
402 390
403 390
404 390
405 390
406 390
407 390
408 390
409 390
410 390
411 390
412 390
413 390
414 390
415 390
416 390
417 390
418 390
419 390
420 390
421 390
422 390
423 390
424 390
425 390
426 390
427 390
428 390
429 390
430 390
431 390
432 390
433 390
434 390
435 390
436 390
437 390
438 390
439 390
440 390
441 390
442 390
443 390
444 390
445 390
446 390
447 390
448 390
449 390
450 390
451 390
358 391
359 391
360 391
361 391
362 391
363 391
364 391
365 391
366 391
367 391
368 391
369 391
370 391
371 391
372 391
373 391
374 391
375 391
376 391
377 391
378 391
379 391
380 391
381 391
382 391
383 391
384 391
385 391
386 391
387 391
388 391
389 391
390 391
391 391
392 391
393 391
394 391
395 391
396 391
397 391
398 391
399 391
400 391
401 391
402 391
403 391
404 391
405 391
406 391
407 391
408 391
409 391
410 391
411 391
412 391
413 391
414 391
415 391
416 391
417 391
418 391
419 391
420 391
421 391
422 391
423 391
424 391
425 391
426 391
427 391
428 391
429 391
430 391
431 391
432 391
433 391
434 391
435 391
436 391
437 391
438 391
439 391
440 391
441 391
442 391
443 391
444 391
445 391
446 391
447 391
448 391
449 391
450 391
451 391
357 392
358 392
359 392
360 392
361 392
362 392
363 392
364 392
365 392
366 392
367 392
368 392
369 392
370 392
371 392
372 392
373 392
374 392
375 392
376 392
377 392
378 392
379 392
380 392
381 392
382 392
383 392
384 392
385 392
386 392
387 392
388 392
389 392
390 392
391 392
392 392
393 392
394 392
395 392
396 392
397 392
398 392
399 392
400 392
401 392
402 392
403 392
404 392
405 392
406 392
407 392
408 392
409 392
410 392
411 392
412 392
413 392
414 392
415 392
416 392
417 392
418 392
419 392
420 392
421 392
422 392
423 392
424 392
425 392
426 392
427 392
428 392
429 392
430 392
431 392
432 392
433 392
434 392
435 392
436 392
437 392
438 392
439 392
440 392
441 392
442 392
443 392
444 392
445 392
446 392
447 392
448 392
449 392
450 392
451 392
356 393
357 393
358 393
359 393
360 393
361 393
362 393
363 393
364 393
365 393
366 393
367 393
368 393
369 393
370 393
371 393
372 393
373 393
374 393
375 393
376 393
377 393
378 393
379 393
380 393
381 393
382 393
383 393
384 393
385 393
386 393
387 393
388 393
389 393
390 393
391 393
392 393
393 393
394 393
395 393
396 393
397 393
398 393
399 393
400 393
401 393
402 393
403 393
404 393
405 393
406 393
407 393
408 393
409 393
410 393
411 393
412 393
413 393
414 393
415 393
416 393
417 393
418 393
419 393
420 393
421 393
422 393
423 393
424 393
425 393
426 393
427 393
428 393
429 393
430 393
431 393
432 393
433 393
434 393
435 393
436 393
437 393
438 393
439 393
440 393
441 393
442 393
443 393
444 393
445 393
446 393
447 393
448 393
449 393
450 393
451 393
355 394
356 394
357 394
358 394
359 394
360 394
361 394
362 394
363 394
364 394
365 394
366 394
367 394
368 394
369 394
370 394
371 394
372 394
373 394
374 394
375 394
376 394
377 394
378 394
379 394
380 394
381 394
382 394
383 394
384 394
385 394
386 394
387 394
388 394
389 394
390 394
391 394
392 394
393 394
394 394
395 394
396 394
397 394
398 394
399 394
400 394
401 394
402 394
403 394
404 394
405 394
406 394
407 394
408 394
409 394
410 394
411 394
412 394
413 394
414 394
415 394
416 394
417 394
418 394
419 394
420 394
421 394
422 394
423 394
424 394
425 394
426 394
427 394
428 394
429 394
430 394
431 394
432 394
433 394
434 394
435 394
436 394
437 394
438 394
439 394
440 394
441 394
442 394
443 394
444 394
445 394
446 394
447 394
448 394
449 394
450 394
451 394
354 395
355 395
356 395
357 395
358 395
359 395
360 395
361 395
362 395
363 395
364 395
365 395
366 395
367 395
368 395
369 395
370 395
371 395
372 395
373 395
374 395
375 395
376 395
377 395
378 395
379 395
380 395
381 395
382 395
383 395
384 395
385 395
386 395
387 395
388 395
389 395
390 395
391 395
392 395
393 395
394 395
395 395
396 395
397 395
398 395
399 395
400 395
401 395
402 395
403 395
404 395
405 395
406 395
407 395
408 395
409 395
410 395
411 395
412 395
413 395
414 395
415 395
416 395
417 395
418 395
419 395
420 395
421 395
422 395
423 395
424 395
425 395
426 395
427 395
428 395
429 395
430 395
431 395
432 395
433 395
434 395
435 395
436 395
437 395
438 395
439 395
440 395
441 395
442 395
443 395
444 395
445 395
446 395
447 395
448 395
449 395
450 395
451 395
353 396
354 396
355 396
356 396
357 396
358 396
359 396
360 396
361 396
362 396
363 396
364 396
365 396
366 396
367 396
368 396
369 396
370 396
371 396
372 396
373 396
374 396
375 396
376 396
377 396
378 396
379 396
380 396
381 396
382 396
383 396
384 396
385 396
386 396
387 396
388 396
389 396
390 396
391 396
392 396
393 396
394 396
395 396
396 396
397 396
398 396
399 396
400 396
401 396
402 396
403 396
404 396
405 396
406 396
407 396
408 396
409 396
410 396
411 396
412 396
413 396
414 396
415 396
416 396
417 396
418 396
419 396
420 396
421 396
422 396
423 396
424 396
425 396
426 396
427 396
428 396
429 396
430 396
431 396
432 396
433 396
434 396
435 396
436 396
437 396
438 396
439 396
440 396
441 396
442 396
443 396
444 396
445 396
446 396
447 396
448 396
449 396
450 396
451 396
352 397
353 397
354 397
355 397
356 397
357 397
358 397
359 397
360 397
361 397
362 397
363 397
364 397
365 397
366 397
367 397
368 397
369 397
370 397
371 397
372 397
373 397
374 397
375 397
376 397
377 397
378 397
379 397
380 397
381 397
382 397
383 397
384 397
385 397
386 397
387 397
388 397
389 397
390 397
391 397
392 397
393 397
394 397
395 397
396 397
397 397
398 397
399 397
400 397
401 397
402 397
403 397
404 397
405 397
406 397
407 397
408 397
409 397
410 397
411 397
412 397
413 397
414 397
415 397
416 397
417 397
418 397
419 397
420 397
421 397
422 397
423 397
424 397
425 397
426 397
427 397
428 397
429 397
430 397
431 397
432 397
433 397
434 397
435 397
436 397
437 397
438 397
439 397
440 397
441 397
442 397
443 397
444 397
445 397
446 397
447 397
448 397
449 397
450 397
451 397
351 398
352 398
353 398
354 398
355 398
356 398
357 398
358 398
359 398
360 398
361 398
362 398
363 398
364 398
365 398
366 398
367 398
368 398
369 398
370 398
371 398
372 398
373 398
374 398
375 398
376 398
377 398
378 398
379 398
380 398
381 398
382 398
383 398
384 398
385 398
386 398
387 398
388 398
389 398
390 398
391 398
392 398
393 398
394 398
395 398
396 398
397 398
398 398
399 398
400 398
401 398
402 398
403 398
404 398
405 398
406 398
407 398
408 398
409 398
410 398
411 398
412 398
413 398
414 398
415 398
416 398
417 398
418 398
419 398
420 398
421 398
422 398
423 398
424 398
425 398
426 398
427 398
428 398
429 398
430 398
431 398
432 398
433 398
434 398
435 398
436 398
437 398
438 398
439 398
440 398
441 398
442 398
443 398
444 398
445 398
446 398
447 398
448 398
449 398
450 398
451 398
350 399
351 399
352 399
353 399
354 399
355 399
356 399
357 399
358 399
359 399
360 399
361 399
362 399
363 399
364 399
365 399
366 399
367 399
368 399
369 399
370 399
371 399
372 399
373 399
374 399
375 399
376 399
377 399
378 399
379 399
380 399
381 399
382 399
383 399
384 399
385 399
386 399
387 399
388 399
389 399
390 399
391 399
392 399
393 399
394 399
395 399
396 399
397 399
398 399
399 399
400 399
401 399
402 399
403 399
404 399
405 399
406 399
407 399
408 399
409 399
410 399
411 399
412 399
413 399
414 399
415 399
416 399
417 399
418 399
419 399
420 399
421 399
422 399
423 399
424 399
425 399
426 399
427 399
428 399
429 399
430 399
431 399
432 399
433 399
434 399
435 399
436 399
437 399
438 399
439 399
440 399
441 399
442 399
443 399
444 399
445 399
446 399
447 399
448 399
449 399
450 399
451 399
350 400
351 400
352 400
353 400
354 400
355 400
356 400
357 400
358 400
359 400
360 400
361 400
362 400
363 400
364 400
365 400
366 400
367 400
368 400
369 400
370 400
371 400
372 400
373 400
374 400
375 400
376 400
377 400
378 400
379 400
380 400
381 400
382 400
383 400
384 400
385 400
386 400
387 400
388 400
389 400
390 400
391 400
392 400
393 400
394 400
395 400
396 400
397 400
398 400
399 400
400 400
401 400
402 400
403 400
404 400
405 400
406 400
407 400
408 400
409 400
410 400
411 400
412 400
413 400
414 400
415 400
416 400
417 400
418 400
419 400
420 400
421 400
422 400
423 400
424 400
425 400
426 400
427 400
428 400
429 400
430 400
431 400
432 400
433 400
434 400
435 400
436 400
437 400
438 400
439 400
440 400
441 400
442 400
443 400
444 400
445 400
446 400
447 400
448 400
449 400
450 400
451 400
350 401
351 401
352 401
353 401
354 401
355 401
356 401
357 401
358 401
359 401
360 401
361 401
362 401
363 401
364 401
365 401
366 401
367 401
368 401
369 401
370 401
371 401
372 401
373 401
374 401
375 401
376 401
377 401
378 401
379 401
380 401
381 401
382 401
383 401
384 401
385 401
386 401
387 401
388 401
389 401
390 401
391 401
392 401
393 401
394 401
395 401
396 401
397 401
398 401
399 401
400 401
401 401
402 401
403 401
404 401
405 401
406 401
407 401
408 401
409 401
410 401
411 401
412 401
413 401
414 401
415 401
416 401
417 401
418 401
419 401
420 401
421 401
422 401
423 401
424 401
425 401
426 401
427 401
428 401
429 401
430 401
431 401
432 401
433 401
434 401
435 401
436 401
437 401
438 401
439 401
440 401
441 401
442 401
443 401
444 401
445 401
446 401
447 401
448 401
449 401
450 401
350 402
351 402
352 402
353 402
354 402
355 402
356 402
357 402
358 402
359 402
360 402
361 402
362 402
363 402
364 402
365 402
366 402
367 402
368 402
369 402
370 402
371 402
372 402
373 402
374 402
375 402
376 402
377 402
378 402
379 402
380 402
381 402
382 402
383 402
384 402
385 402
386 402
387 402
388 402
389 402
390 402
391 402
392 402
393 402
394 402
395 402
396 402
397 402
398 402
399 402
400 402
401 402
402 402
403 402
404 402
405 402
406 402
407 402
408 402
409 402
410 402
411 402
412 402
413 402
414 402
415 402
416 402
417 402
418 402
419 402
420 402
421 402
422 402
423 402
424 402
425 402
426 402
427 402
428 402
429 402
430 402
431 402
432 402
433 402
434 402
435 402
436 402
437 402
438 402
439 402
440 402
441 402
442 402
443 402
444 402
445 402
446 402
447 402
448 402
449 402
350 403
351 403
352 403
353 403
354 403
355 403
356 403
357 403
358 403
359 403
360 403
361 403
362 403
363 403
364 403
365 403
366 403
367 403
368 403
369 403
370 403
371 403
372 403
373 403
374 403
375 403
376 403
377 403
378 403
379 403
380 403
381 403
382 403
383 403
384 403
385 403
386 403
387 403
388 403
389 403
390 403
391 403
392 403
393 403
394 403
395 403
396 403
397 403
398 403
399 403
400 403
401 403
402 403
403 403
404 403
405 403
406 403
407 403
408 403
409 403
410 403
411 403
412 403
413 403
414 403
415 403
416 403
417 403
418 403
419 403
420 403
421 403
422 403
423 403
424 403
425 403
426 403
427 403
428 403
429 403
430 403
431 403
432 403
433 403
434 403
435 403
436 403
437 403
438 403
439 403
440 403
441 403
442 403
443 403
444 403
445 403
446 403
447 403
448 403
350 404
351 404
352 404
353 404
354 404
355 404
356 404
357 404
358 404
359 404
360 404
361 404
362 404
363 404
364 404
365 404
366 404
367 404
368 404
369 404
370 404
371 404
372 404
373 404
374 404
375 404
376 404
377 404
378 404
379 404
380 404
381 404
382 404
383 404
384 404
385 404
386 404
387 404
388 404
389 404
390 404
391 404
392 404
393 404
394 404
395 404
396 404
397 404
398 404
399 404
400 404
401 404
402 404
403 404
404 404
405 404
406 404
407 404
408 404
409 404
410 404
411 404
412 404
413 404
414 404
415 404
416 404
417 404
418 404
419 404
420 404
421 404
422 404
423 404
424 404
425 404
426 404
427 404
428 404
429 404
430 404
431 404
432 404
433 404
434 404
435 404
436 404
437 404
438 404
439 404
440 404
441 404
442 404
443 404
444 404
445 404
446 404
447 404
350 405
351 405
352 405
353 405
354 405
355 405
356 405
357 405
358 405
359 405
360 405
361 405
362 405
363 405
364 405
365 405
366 405
367 405
368 405
369 405
370 405
371 405
372 405
373 405
374 405
375 405
376 405
377 405
378 405
379 405
380 405
381 405
382 405
383 405
384 405
385 405
386 405
387 405
388 405
389 405
390 405
391 405
392 405
393 405
394 405
395 405
396 405
397 405
398 405
399 405
400 405
401 405
402 405
403 405
404 405
405 405
406 405
407 405
408 405
409 405
410 405
411 405
412 405
413 405
414 405
415 405
416 405
417 405
418 405
419 405
420 405
421 405
422 405
423 405
424 405
425 405
426 405
427 405
428 405
429 405
430 405
431 405
432 405
433 405
434 405
435 405
436 405
437 405
438 405
439 405
440 405
441 405
442 405
443 405
444 405
445 405
446 405
350 406
351 406
352 406
353 406
354 406
355 406
356 406
357 406
358 406
359 406
360 406
361 406
362 406
363 406
364 406
365 406
366 406
367 406
368 406
369 406
370 406
371 406
372 406
373 406
374 406
375 406
376 406
377 406
378 406
379 406
380 406
381 406
382 406
383 406
384 406
385 406
386 406
387 406
388 406
389 406
390 406
391 406
392 406
393 406
394 406
395 406
396 406
397 406
398 406
399 406
400 406
401 406
402 406
403 406
404 406
405 406
406 406
407 406
408 406
409 406
410 406
411 406
412 406
413 406
414 406
415 406
416 406
417 406
418 406
419 406
420 406
421 406
422 406
423 406
424 406
425 406
426 406
427 406
428 406
429 406
430 406
431 406
432 406
433 406
434 406
435 406
436 406
437 406
438 406
439 406
440 406
441 406
442 406
443 406
444 406
445 406
350 407
351 407
352 407
353 407
354 407
355 407
356 407
357 407
358 407
359 407
360 407
361 407
362 407
363 407
364 407
365 407
366 407
367 407
368 407
369 407
370 407
371 407
372 407
373 407
374 407
375 407
376 407
377 407
378 407
379 407
380 407
381 407
382 407
383 407
384 407
385 407
386 407
387 407
388 407
389 407
390 407
391 407
392 407
393 407
394 407
395 407
396 407
397 407
398 407
399 407
400 407
401 407
402 407
403 407
404 407
405 407
406 407
407 407
408 407
409 407
410 407
411 407
412 407
413 407
414 407
415 407
416 407
417 407
418 407
419 407
420 407
421 407
422 407
423 407
424 407
425 407
426 407
427 407
428 407
429 407
430 407
431 407
432 407
433 407
434 407
435 407
436 407
437 407
438 407
439 407
440 407
441 407
442 407
443 407
444 407
350 408
351 408
352 408
353 408
354 408
355 408
356 408
357 408
358 408
359 408
360 408
361 408
362 408
363 408
364 408
365 408
366 408
367 408
368 408
369 408
370 408
371 408
372 408
373 408
374 408
375 408
376 408
377 408
378 408
379 408
380 408
381 408
382 408
383 408
384 408
385 408
386 408
387 408
388 408
389 408
390 408
391 408
392 408
393 408
394 408
395 408
396 408
397 408
398 408
399 408
400 408
401 408
402 408
403 408
404 408
405 408
406 408
407 408
408 408
409 408
410 408
411 408
412 408
413 408
414 408
415 408
416 408
417 408
418 408
419 408
420 408
421 408
422 408
423 408
424 408
425 408
426 408
427 408
428 408
429 408
430 408
431 408
432 408
433 408
434 408
435 408
436 408
437 408
438 408
439 408
440 408
441 408
442 408
443 408
350 409
351 409
352 409
353 409
354 409
355 409
356 409
357 409
358 409
359 409
360 409
361 409
362 409
363 409
364 409
365 409
366 409
367 409
368 409
369 409
370 409
371 409
372 409
373 409
374 409
375 409
376 409
377 409
378 409
379 409
380 409
381 409
382 409
383 409
384 409
385 409
386 409
387 409
388 409
389 409
390 409
391 409
392 409
393 409
394 409
395 409
396 409
397 409
398 409
399 409
400 409
401 409
402 409
403 409
404 409
405 409
406 409
407 409
408 409
409 409
410 409
411 409
412 409
413 409
414 409
415 409
416 409
417 409
418 409
419 409
420 409
421 409
422 409
423 409
424 409
425 409
426 409
427 409
428 409
429 409
430 409
431 409
432 409
433 409
434 409
435 409
436 409
437 409
438 409
439 409
440 409
441 409
442 409
350 410
351 410
352 410
353 410
354 410
355 410
356 410
357 410
358 410
359 410
360 410
361 410
362 410
363 410
364 410
365 410
366 410
367 410
368 410
369 410
370 410
371 410
372 410
373 410
374 410
375 410
376 410
377 410
378 410
379 410
380 410
381 410
382 410
383 410
384 410
385 410
386 410
387 410
388 410
389 410
390 410
391 410
392 410
393 410
394 410
395 410
396 410
397 410
398 410
399 410
400 410
401 410
402 410
403 410
404 410
405 410
406 410
407 410
408 410
409 410
410 410
411 410
412 410
413 410
414 410
415 410
416 410
417 410
418 410
419 410
420 410
421 410
422 410
423 410
424 410
425 410
426 410
427 410
428 410
429 410
430 410
431 410
432 410
433 410
434 410
435 410
436 410
437 410
438 410
439 410
440 410
441 410
350 411
351 411
352 411
353 411
354 411
355 411
356 411
357 411
358 411
359 411
360 411
361 411
362 411
363 411
364 411
365 411
366 411
367 411
368 411
369 411
370 411
371 411
372 411
373 411
374 411
375 411
376 411
377 411
378 411
379 411
380 411
381 411
382 411
383 411
384 411
385 411
386 411
387 411
388 411
389 411
390 411
391 411
392 411
393 411
394 411
395 411
396 411
397 411
398 411
399 411
400 411
401 411
402 411
403 411
404 411
405 411
406 411
407 411
408 411
409 411
410 411
411 411
412 411
413 411
414 411
415 411
416 411
417 411
418 411
419 411
420 411
421 411
422 411
423 411
424 411
425 411
426 411
427 411
428 411
429 411
430 411
431 411
432 411
433 411
434 411
435 411
436 411
437 411
438 411
439 411
440 411
350 412
351 412
352 412
353 412
354 412
355 412
356 412
357 412
358 412
359 412
360 412
361 412
362 412
363 412
364 412
365 412
366 412
367 412
368 412
369 412
370 412
371 412
372 412
373 412
374 412
375 412
376 412
377 412
378 412
379 412
380 412
381 412
382 412
383 412
384 412
385 412
386 412
387 412
388 412
389 412
390 412
391 412
392 412
393 412
394 412
395 412
396 412
397 412
398 412
399 412
400 412
401 412
402 412
403 412
404 412
405 412
406 412
407 412
408 412
409 412
410 412
411 412
412 412
413 412
414 412
415 412
416 412
417 412
418 412
419 412
420 412
421 412
422 412
423 412
424 412
425 412
426 412
427 412
428 412
429 412
430 412
431 412
432 412
433 412
434 412
435 412
436 412
437 412
438 412
439 412
350 413
351 413
352 413
353 413
354 413
355 413
356 413
357 413
358 413
359 413
360 413
361 413
362 413
363 413
364 413
365 413
366 413
367 413
368 413
369 413
370 413
371 413
372 413
373 413
374 413
375 413
376 413
377 413
378 413
379 413
380 413
381 413
382 413
383 413
384 413
385 413
386 413
387 413
388 413
389 413
390 413
391 413
392 413
393 413
394 413
395 413
396 413
397 413
398 413
399 413
400 413
401 413
402 413
403 413
404 413
405 413
406 413
407 413
408 413
409 413
410 413
411 413
412 413
413 413
414 413
415 413
416 413
417 413
418 413
419 413
420 413
421 413
422 413
423 413
424 413
425 413
426 413
427 413
428 413
429 413
430 413
431 413
432 413
433 413
434 413
435 413
436 413
437 413
438 413
350 414
351 414
352 414
353 414
354 414
355 414
356 414
357 414
358 414
359 414
360 414
361 414
362 414
363 414
364 414
365 414
366 414
367 414
368 414
369 414
370 414
371 414
372 414
373 414
374 414
375 414
376 414
377 414
378 414
379 414
380 414
381 414
382 414
383 414
384 414
385 414
386 414
387 414
388 414
389 414
390 414
391 414
392 414
393 414
394 414
395 414
396 414
397 414
398 414
399 414
400 414
401 414
402 414
403 414
404 414
405 414
406 414
407 414
408 414
409 414
410 414
411 414
412 414
413 414
414 414
415 414
416 414
417 414
418 414
419 414
420 414
421 414
422 414
423 414
424 414
425 414
426 414
427 414
428 414
429 414
430 414
431 414
432 414
433 414
434 414
435 414
436 414
437 414
350 415
351 415
352 415
353 415
354 415
355 415
356 415
357 415
358 415
359 415
360 415
361 415
362 415
363 415
364 415
365 415
366 415
367 415
368 415
369 415
370 415
371 415
372 415
373 415
374 415
375 415
376 415
377 415
378 415
379 415
380 415
381 415
382 415
383 415
384 415
385 415
386 415
387 415
388 415
389 415
390 415
391 415
392 415
393 415
394 415
395 415
396 415
397 415
398 415
399 415
400 415
401 415
402 415
403 415
404 415
405 415
406 415
407 415
408 415
409 415
410 415
411 415
412 415
413 415
414 415
415 415
416 415
417 415
418 415
419 415
420 415
421 415
422 415
423 415
424 415
425 415
426 415
427 415
428 415
429 415
430 415
431 415
432 415
433 415
434 415
435 415
436 415
350 416
351 416
352 416
353 416
354 416
355 416
356 416
357 416
358 416
359 416
360 416
361 416
362 416
363 416
364 416
365 416
366 416
367 416
368 416
369 416
370 416
371 416
372 416
373 416
374 416
375 416
376 416
377 416
378 416
379 416
380 416
381 416
382 416
383 416
384 416
385 416
386 416
387 416
388 416
389 416
390 416
391 416
392 416
393 416
394 416
395 416
396 416
397 416
398 416
399 416
400 416
401 416
402 416
403 416
404 416
405 416
406 416
407 416
408 416
409 416
410 416
411 416
412 416
413 416
414 416
415 416
416 416
417 416
418 416
419 416
420 416
421 416
422 416
423 416
424 416
425 416
426 416
427 416
428 416
429 416
430 416
431 416
432 416
433 416
434 416
435 416
350 417
351 417
352 417
353 417
354 417
355 417
356 417
357 417
358 417
359 417
360 417
361 417
362 417
363 417
364 417
365 417
366 417
367 417
368 417
369 417
370 417
371 417
372 417
373 417
374 417
375 417
376 417
377 417
378 417
379 417
380 417
381 417
382 417
383 417
384 417
385 417
386 417
387 417
388 417
389 417
390 417
391 417
392 417
393 417
394 417
395 417
396 417
397 417
398 417
399 417
400 417
401 417
402 417
403 417
404 417
405 417
406 417
407 417
408 417
409 417
410 417
411 417
412 417
413 417
414 417
415 417
416 417
417 417
418 417
419 417
420 417
421 417
422 417
423 417
424 417
425 417
426 417
427 417
428 417
429 417
430 417
431 417
432 417
433 417
434 417
350 418
351 418
352 418
353 418
354 418
355 418
356 418
357 418
358 418
359 418
360 418
361 418
362 418
363 418
364 418
365 418
366 418
367 418
368 418
369 418
370 418
371 418
372 418
373 418
374 418
375 418
376 418
377 418
378 418
379 418
380 418
381 418
382 418
383 418
384 418
385 418
386 418
387 418
388 418
389 418
390 418
391 418
392 418
393 418
394 418
395 418
396 418
397 418
398 418
399 418
400 418
401 418
402 418
403 418
404 418
405 418
406 418
407 418
408 418
409 418
410 418
411 418
412 418
413 418
414 418
415 418
416 418
417 418
418 418
419 418
420 418
421 418
422 418
423 418
424 418
425 418
426 418
427 418
428 418
429 418
430 418
431 418
432 418
433 418
350 419
351 419
352 419
353 419
354 419
355 419
356 419
357 419
358 419
359 419
360 419
361 419
362 419
363 419
364 419
365 419
366 419
367 419
368 419
369 419
370 419
371 419
372 419
373 419
374 419
375 419
376 419
377 419
378 419
379 419
380 419
381 419
382 419
383 419
384 419
385 419
386 419
387 419
388 419
389 419
390 419
391 419
392 419
393 419
394 419
395 419
396 419
397 419
398 419
399 419
400 419
401 419
402 419
403 419
404 419
405 419
406 419
407 419
408 419
409 419
410 419
411 419
412 419
413 419
414 419
415 419
416 419
417 419
418 419
419 419
420 419
421 419
422 419
423 419
424 419
425 419
426 419
427 419
428 419
429 419
430 419
431 419
432 419
350 420
351 420
352 420
353 420
354 420
355 420
356 420
357 420
358 420
359 420
360 420
361 420
362 420
363 420
364 420
365 420
366 420
367 420
368 420
369 420
370 420
371 420
372 420
373 420
374 420
375 420
376 420
377 420
378 420
379 420
380 420
381 420
382 420
383 420
384 420
385 420
386 420
387 420
388 420
389 420
390 420
391 420
392 420
393 420
394 420
395 420
396 420
397 420
398 420
399 420
400 420
401 420
402 420
403 420
404 420
405 420
406 420
407 420
408 420
409 420
410 420
411 420
412 420
413 420
414 420
415 420
416 420
417 420
418 420
419 420
420 420
421 420
422 420
423 420
424 420
425 420
426 420
427 420
428 420
429 420
430 420
431 420
350 421
351 421
352 421
353 421
354 421
355 421
356 421
357 421
358 421
359 421
360 421
361 421
362 421
363 421
364 421
365 421
366 421
367 421
368 421
369 421
370 421
371 421
372 421
373 421
374 421
375 421
376 421
377 421
378 421
379 421
380 421
381 421
382 421
383 421
384 421
385 421
386 421
387 421
388 421
389 421
390 421
391 421
392 421
393 421
394 421
395 421
396 421
397 421
398 421
399 421
400 421
401 421
402 421
403 421
404 421
405 421
406 421
407 421
408 421
409 421
410 421
411 421
412 421
413 421
414 421
415 421
416 421
417 421
418 421
419 421
420 421
421 421
422 421
423 421
424 421
425 421
426 421
427 421
428 421
429 421
430 421
350 422
351 422
352 422
353 422
354 422
355 422
356 422
357 422
358 422
359 422
360 422
361 422
362 422
363 422
364 422
365 422
366 422
367 422
368 422
369 422
370 422
371 422
372 422
373 422
374 422
375 422
376 422
377 422
378 422
379 422
380 422
381 422
382 422
383 422
384 422
385 422
386 422
387 422
388 422
389 422
390 422
391 422
392 422
393 422
394 422
395 422
396 422
397 422
398 422
399 422
400 422
401 422
402 422
403 422
404 422
405 422
406 422
407 422
408 422
409 422
410 422
411 422
412 422
413 422
414 422
415 422
416 422
417 422
418 422
419 422
420 422
421 422
422 422
423 422
424 422
425 422
426 422
427 422
428 422
429 422
350 423
351 423
352 423
353 423
354 423
355 423
356 423
357 423
358 423
359 423
360 423
361 423
362 423
363 423
364 423
365 423
366 423
367 423
368 423
369 423
370 423
371 423
372 423
373 423
374 423
375 423
376 423
377 423
378 423
379 423
380 423
381 423
382 423
383 423
384 423
385 423
386 423
387 423
388 423
389 423
390 423
391 423
392 423
393 423
394 423
395 423
396 423
397 423
398 423
399 423
400 423
401 423
402 423
403 423
404 423
405 423
406 423
407 423
408 423
409 423
410 423
411 423
412 423
413 423
414 423
415 423
416 423
417 423
418 423
419 423
420 423
421 423
422 423
423 423
424 423
425 423
426 423
427 423
428 423
350 424
351 424
352 424
353 424
354 424
355 424
356 424
357 424
358 424
359 424
360 424
361 424
362 424
363 424
364 424
365 424
366 424
367 424
368 424
369 424
370 424
371 424
372 424
373 424
374 424
375 424
376 424
377 424
378 424
379 424
380 424
381 424
382 424
383 424
384 424
385 424
386 424
387 424
388 424
389 424
390 424
391 424
392 424
393 424
394 424
395 424
396 424
397 424
398 424
399 424
400 424
401 424
402 424
403 424
404 424
405 424
406 424
407 424
408 424
409 424
410 424
411 424
412 424
413 424
414 424
415 424
416 424
417 424
418 424
419 424
420 424
421 424
422 424
423 424
424 424
425 424
426 424
427 424
350 425
351 425
352 425
353 425
354 425
355 425
356 425
357 425
358 425
359 425
360 425
361 425
362 425
363 425
364 425
365 425
366 425
367 425
368 425
369 425
370 425
371 425
372 425
373 425
374 425
375 425
376 425
377 425
378 425
379 425
380 425
381 425
382 425
383 425
384 425
385 425
386 425
387 425
388 425
389 425
390 425
391 425
392 425
393 425
394 425
395 425
396 425
397 425
398 425
399 425
400 425
401 425
402 425
403 425
404 425
405 425
406 425
407 425
408 425
409 425
410 425
411 425
412 425
413 425
414 425
415 425
416 425
417 425
418 425
419 425
420 425
421 425
422 425
423 425
424 425
425 425
426 425
350 426
351 426
352 426
353 426
354 426
355 426
356 426
357 426
358 426
359 426
360 426
361 426
362 426
363 426
364 426
365 426
366 426
367 426
368 426
369 426
370 426
371 426
372 426
373 426
374 426
375 426
376 426
377 426
378 426
379 426
380 426
381 426
382 426
383 426
384 426
385 426
386 426
387 426
388 426
389 426
390 426
391 426
392 426
393 426
394 426
395 426
396 426
397 426
398 426
399 426
400 426
401 426
402 426
403 426
404 426
405 426
406 426
407 426
408 426
409 426
410 426
411 426
412 426
413 426
414 426
415 426
416 426
417 426
418 426
419 426
420 426
421 426
422 426
423 426
424 426
425 426
350 427
351 427
352 427
353 427
354 427
355 427
356 427
357 427
358 427
359 427
360 427
361 427
362 427
363 427
364 427
365 427
366 427
367 427
368 427
369 427
370 427
371 427
372 427
373 427
374 427
375 427
376 427
377 427
378 427
379 427
380 427
381 427
382 427
383 427
384 427
385 427
386 427
387 427
388 427
389 427
390 427
391 427
392 427
393 427
394 427
395 427
396 427
397 427
398 427
399 427
400 427
401 427
402 427
403 427
404 427
405 427
406 427
407 427
408 427
409 427
410 427
411 427
412 427
413 427
414 427
415 427
416 427
417 427
418 427
419 427
420 427
421 427
422 427
423 427
424 427
350 428
351 428
352 428
353 428
354 428
355 428
356 428
357 428
358 428
359 428
360 428
361 428
362 428
363 428
364 428
365 428
366 428
367 428
368 428
369 428
370 428
371 428
372 428
373 428
374 428
375 428
376 428
377 428
378 428
379 428
380 428
381 428
382 428
383 428
384 428
385 428
386 428
387 428
388 428
389 428
390 428
391 428
392 428
393 428
394 428
395 428
396 428
397 428
398 428
399 428
400 428
401 428
402 428
403 428
404 428
405 428
406 428
407 428
408 428
409 428
410 428
411 428
412 428
413 428
414 428
415 428
416 428
417 428
418 428
419 428
420 428
421 428
422 428
423 428
350 429
351 429
352 429
353 429
354 429
355 429
356 429
357 429
358 429
359 429
360 429
361 429
362 429
363 429
364 429
365 429
366 429
367 429
368 429
369 429
370 429
371 429
372 429
373 429
374 429
375 429
376 429
377 429
378 429
379 429
380 429
381 429
382 429
383 429
384 429
385 429
386 429
387 429
388 429
389 429
390 429
391 429
392 429
393 429
394 429
395 429
396 429
397 429
398 429
399 429
400 429
401 429
402 429
403 429
404 429
405 429
406 429
407 429
408 429
409 429
410 429
411 429
412 429
413 429
414 429
415 429
416 429
417 429
418 429
419 429
420 429
421 429
422 429
350 430
351 430
352 430
353 430
354 430
355 430
356 430
357 430
358 430
359 430
360 430
361 430
362 430
363 430
364 430
365 430
366 430
367 430
368 430
369 430
370 430
371 430
372 430
373 430
374 430
375 430
376 430
377 430
378 430
379 430
380 430
381 430
382 430
383 430
384 430
385 430
386 430
387 430
388 430
389 430
390 430
391 430
392 430
393 430
394 430
395 430
396 430
397 430
398 430
399 430
400 430
401 430
402 430
403 430
404 430
405 430
406 430
407 430
408 430
409 430
410 430
411 430
412 430
413 430
414 430
415 430
416 430
417 430
418 430
419 430
420 430
421 430
350 431
351 431
352 431
353 431
354 431
355 431
356 431
357 431
358 431
359 431
360 431
361 431
362 431
363 431
364 431
365 431
366 431
367 431
368 431
369 431
370 431
371 431
372 431
373 431
374 431
375 431
376 431
377 431
378 431
379 431
380 431
381 431
382 431
383 431
384 431
385 431
386 431
387 431
388 431
389 431
390 431
391 431
392 431
393 431
394 431
395 431
396 431
397 431
398 431
399 431
400 431
401 431
402 431
403 431
404 431
405 431
406 431
407 431
408 431
409 431
410 431
411 431
412 431
413 431
414 431
415 431
416 431
417 431
418 431
419 431
420 431
350 432
351 432
352 432
353 432
354 432
355 432
356 432
357 432
358 432
359 432
360 432
361 432
362 432
363 432
364 432
365 432
366 432
367 432
368 432
369 432
370 432
371 432
372 432
373 432
374 432
375 432
376 432
377 432
378 432
379 432
380 432
381 432
382 432
383 432
384 432
385 432
386 432
387 432
388 432
389 432
390 432
391 432
392 432
393 432
394 432
395 432
396 432
397 432
398 432
399 432
400 432
401 432
402 432
403 432
404 432
405 432
406 432
407 432
408 432
409 432
410 432
411 432
412 432
413 432
414 432
415 432
416 432
417 432
418 432
419 432
350 433
351 433
352 433
353 433
354 433
355 433
356 433
357 433
358 433
359 433
360 433
361 433
362 433
363 433
364 433
365 433
366 433
367 433
368 433
369 433
370 433
371 433
372 433
373 433
374 433
375 433
376 433
377 433
378 433
379 433
380 433
381 433
382 433
383 433
384 433
385 433
386 433
387 433
388 433
389 433
390 433
391 433
392 433
393 433
394 433
395 433
396 433
397 433
398 433
399 433
400 433
401 433
402 433
403 433
404 433
405 433
406 433
407 433
408 433
409 433
410 433
411 433
412 433
413 433
414 433
415 433
416 433
417 433
418 433
350 434
351 434
352 434
353 434
354 434
355 434
356 434
357 434
358 434
359 434
360 434
361 434
362 434
363 434
364 434
365 434
366 434
367 434
368 434
369 434
370 434
371 434
372 434
373 434
374 434
375 434
376 434
377 434
378 434
379 434
380 434
381 434
382 434
383 434
384 434
385 434
386 434
387 434
388 434
389 434
390 434
391 434
392 434
393 434
394 434
395 434
396 434
397 434
398 434
399 434
400 434
401 434
402 434
403 434
404 434
405 434
406 434
407 434
408 434
409 434
410 434
411 434
412 434
413 434
414 434
415 434
416 434
417 434
350 435
351 435
352 435
353 435
354 435
355 435
356 435
357 435
358 435
359 435
360 435
361 435
362 435
363 435
364 435
365 435
366 435
367 435
368 435
369 435
370 435
371 435
372 435
373 435
374 435
375 435
376 435
377 435
378 435
379 435
380 435
381 435
382 435
383 435
384 435
385 435
386 435
387 435
388 435
389 435
390 435
391 435
392 435
393 435
394 435
395 435
396 435
397 435
398 435
399 435
400 435
401 435
402 435
403 435
404 435
405 435
406 435
407 435
408 435
409 435
410 435
411 435
412 435
413 435
414 435
415 435
416 435
350 436
351 436
352 436
353 436
354 436
355 436
356 436
357 436
358 436
359 436
360 436
361 436
362 436
363 436
364 436
365 436
366 436
367 436
368 436
369 436
370 436
371 436
372 436
373 436
374 436
375 436
376 436
377 436
378 436
379 436
380 436
381 436
382 436
383 436
384 436
385 436
386 436
387 436
388 436
389 436
390 436
391 436
392 436
393 436
394 436
395 436
396 436
397 436
398 436
399 436
400 436
401 436
402 436
403 436
404 436
405 436
406 436
407 436
408 436
409 436
410 436
411 436
412 436
413 436
414 436
415 436
350 437
351 437
352 437
353 437
354 437
355 437
356 437
357 437
358 437
359 437
360 437
361 437
362 437
363 437
364 437
365 437
366 437
367 437
368 437
369 437
370 437
371 437
372 437
373 437
374 437
375 437
376 437
377 437
378 437
379 437
380 437
381 437
382 437
383 437
384 437
385 437
386 437
387 437
388 437
389 437
390 437
391 437
392 437
393 437
394 437
395 437
396 437
397 437
398 437
399 437
400 437
401 437
402 437
403 437
404 437
405 437
406 437
407 437
408 437
409 437
410 437
411 437
412 437
413 437
414 437
350 438
351 438
352 438
353 438
354 438
355 438
356 438
357 438
358 438
359 438
360 438
361 438
362 438
363 438
364 438
365 438
366 438
367 438
368 438
369 438
370 438
371 438
372 438
373 438
374 438
375 438
376 438
377 438
378 438
379 438
380 438
381 438
382 438
383 438
384 438
385 438
386 438
387 438
388 438
389 438
390 438
391 438
392 438
393 438
394 438
395 438
396 438
397 438
398 438
399 438
400 438
401 438
402 438
403 438
404 438
405 438
406 438
407 438
408 438
409 438
410 438
411 438
412 438
413 438
350 439
351 439
352 439
353 439
354 439
355 439
356 439
357 439
358 439
359 439
360 439
361 439
362 439
363 439
364 439
365 439
366 439
367 439
368 439
369 439
370 439
371 439
372 439
373 439
374 439
375 439
376 439
377 439
378 439
379 439
380 439
381 439
382 439
383 439
384 439
385 439
386 439
387 439
388 439
389 439
390 439
391 439
392 439
393 439
394 439
395 439
396 439
397 439
398 439
399 439
400 439
401 439
402 439
403 439
404 439
405 439
406 439
407 439
408 439
409 439
410 439
411 439
412 439
350 440
351 440
352 440
353 440
354 440
355 440
356 440
357 440
358 440
359 440
360 440
361 440
362 440
363 440
364 440
365 440
366 440
367 440
368 440
369 440
370 440
371 440
372 440
373 440
374 440
375 440
376 440
377 440
378 440
379 440
380 440
381 440
382 440
383 440
384 440
385 440
386 440
387 440
388 440
389 440
390 440
391 440
392 440
393 440
394 440
395 440
396 440
397 440
398 440
399 440
400 440
401 440
402 440
403 440
404 440
405 440
406 440
407 440
408 440
409 440
410 440
411 440
350 441
351 441
352 441
353 441
354 441
355 441
356 441
357 441
358 441
359 441
360 441
361 441
362 441
363 441
364 441
365 441
366 441
367 441
368 441
369 441
370 441
371 441
372 441
373 441
374 441
375 441
376 441
377 441
378 441
379 441
380 441
381 441
382 441
383 441
384 441
385 441
386 441
387 441
388 441
389 441
390 441
391 441
392 441
393 441
394 441
395 441
396 441
397 441
398 441
399 441
400 441
401 441
402 441
403 441
404 441
405 441
406 441
407 441
408 441
409 441
410 441
350 442
351 442
352 442
353 442
354 442
355 442
356 442
357 442
358 442
359 442
360 442
361 442
362 442
363 442
364 442
365 442
366 442
367 442
368 442
369 442
370 442
371 442
372 442
373 442
374 442
375 442
376 442
377 442
378 442
379 442
380 442
381 442
382 442
383 442
384 442
385 442
386 442
387 442
388 442
389 442
390 442
391 442
392 442
393 442
394 442
395 442
396 442
397 442
398 442
399 442
400 442
401 442
402 442
403 442
404 442
405 442
406 442
407 442
408 442
409 442
350 443
351 443
352 443
353 443
354 443
355 443
356 443
357 443
358 443
359 443
360 443
361 443
362 443
363 443
364 443
365 443
366 443
367 443
368 443
369 443
370 443
371 443
372 443
373 443
374 443
375 443
376 443
377 443
378 443
379 443
380 443
381 443
382 443
383 443
384 443
385 443
386 443
387 443
388 443
389 443
390 443
391 443
392 443
393 443
394 443
395 443
396 443
397 443
398 443
399 443
400 443
401 443
402 443
403 443
404 443
405 443
406 443
407 443
408 443
350 444
351 444
352 444
353 444
354 444
355 444
356 444
357 444
358 444
359 444
360 444
361 444
362 444
363 444
364 444
365 444
366 444
367 444
368 444
369 444
370 444
371 444
372 444
373 444
374 444
375 444
376 444
377 444
378 444
379 444
380 444
381 444
382 444
383 444
384 444
385 444
386 444
387 444
388 444
389 444
390 444
391 444
392 444
393 444
394 444
395 444
396 444
397 444
398 444
399 444
400 444
401 444
402 444
403 444
404 444
405 444
406 444
407 444
350 445
351 445
352 445
353 445
354 445
355 445
356 445
357 445
358 445
359 445
360 445
361 445
362 445
363 445
364 445
365 445
366 445
367 445
368 445
369 445
370 445
371 445
372 445
373 445
374 445
375 445
376 445
377 445
378 445
379 445
380 445
381 445
382 445
383 445
384 445
385 445
386 445
387 445
388 445
389 445
390 445
391 445
392 445
393 445
394 445
395 445
396 445
397 445
398 445
399 445
400 445
401 445
402 445
403 445
404 445
405 445
406 445
350 446
351 446
352 446
353 446
354 446
355 446
356 446
357 446
358 446
359 446
360 446
361 446
362 446
363 446
364 446
365 446
366 446
367 446
368 446
369 446
370 446
371 446
372 446
373 446
374 446
375 446
376 446
377 446
378 446
379 446
380 446
381 446
382 446
383 446
384 446
385 446
386 446
387 446
388 446
389 446
390 446
391 446
392 446
393 446
394 446
395 446
396 446
397 446
398 446
399 446
400 446
401 446
402 446
403 446
404 446
405 446
350 447
351 447
352 447
353 447
354 447
355 447
356 447
357 447
358 447
359 447
360 447
361 447
362 447
363 447
364 447
365 447
366 447
367 447
368 447
369 447
370 447
371 447
372 447
373 447
374 447
375 447
376 447
377 447
378 447
379 447
380 447
381 447
382 447
383 447
384 447
385 447
386 447
387 447
388 447
389 447
390 447
391 447
392 447
393 447
394 447
395 447
396 447
397 447
398 447
399 447
400 447
401 447
402 447
403 447
404 447
350 448
351 448
352 448
353 448
354 448
355 448
356 448
357 448
358 448
359 448
360 448
361 448
362 448
363 448
364 448
365 448
366 448
367 448
368 448
369 448
370 448
371 448
372 448
373 448
374 448
375 448
376 448
377 448
378 448
379 448
380 448
381 448
382 448
383 448
384 448
385 448
386 448
387 448
388 448
389 448
390 448
391 448
392 448
393 448
394 448
395 448
396 448
397 448
398 448
399 448
400 448
401 448
402 448
403 448
350 449
351 449
352 449
353 449
354 449
355 449
356 449
357 449
358 449
359 449
360 449
361 449
362 449
363 449
364 449
365 449
366 449
367 449
368 449
369 449
370 449
371 449
372 449
373 449
374 449
375 449
376 449
377 449
378 449
379 449
380 449
381 449
382 449
383 449
384 449
385 449
386 449
387 449
388 449
389 449
390 449
391 449
392 449
393 449
394 449
395 449
396 449
397 449
398 449
399 449
400 449
401 449
402 449
350 450
351 450
352 450
353 450
354 450
355 450
356 450
357 450
358 450
359 450
360 450
361 450
362 450
363 450
364 450
365 450
366 450
367 450
368 450
369 450
370 450
371 450
372 450
373 450
374 450
375 450
376 450
377 450
378 450
379 450
380 450
381 450
382 450
383 450
384 450
385 450
386 450
387 450
388 450
389 450
390 450
391 450
392 450
393 450
394 450
395 450
396 450
397 450
398 450
399 450
400 450
401 450
