400 349
402 349
416 349
418 349
432 349
434 349
448 349
450 349
400 350
401 350
402 350
415 350
416 350
417 350
418 350
431 350
432 350
433 350
434 350
447 350
448 350
449 350
451 350
398 351
399 351
400 351
416 351
432 351
448 351
450 351
398 352
400 352
401 352
402 352
403 352
404 352
405 352
406 352
407 352
408 352
409 352
410 352
411 352
412 352
413 352
414 352
415 352
416 352
431 352
432 352
433 352
434 352
435 352
436 352
437 352
438 352
439 352
440 352
441 352
442 352
443 352
444 352
445 352
446 352
447 352
449 352
450 352
451 352
399 353
400 353
402 353
404 353
406 353
408 353
410 353
412 353
414 353
416 353
430 353
432 353
434 353
436 353
438 353
440 353
442 353
444 353
446 353
448 353
450 353
398 354
400 354
401 354
402 354
403 354
404 354
405 354
406 354
407 354
408 354
409 354
410 354
411 354
412 354
413 354
414 354
415 354
416 354
429 354
430 354
431 354
432 354
433 354
434 354
435 354
436 354
437 354
438 354
439 354
440 354
441 354
442 354
443 354
444 354
445 354
447 354
448 354
397 355
398 355
399 355
400 355
404 355
408 355
412 355
414 355
416 355
428 355
430 355
432 355
436 355
440 355
444 355
446 355
448 355
396 356
398 356
400 356
401 356
402 356
403 356
404 356
407 356
408 356
409 356
410 356
411 356
412 356
414 356
415 356
416 356
427 356
428 356
429 356
431 356
432 356
433 356
434 356
435 356
436 356
439 356
440 356
441 356
442 356
443 356
445 356
446 356
447 356
448 356
395 357
396 357
397 357
399 357
400 357
402 357
404 357
406 357
408 357
410 357
412 357
414 357
416 357
426 357
428 357
430 357
432 357
434 357
436 357
438 357
440 357
442 357
444 357
446 357
448 357
394 358
396 358
398 358
400 358
401 358
402 358
403 358
404 358
405 358
406 358
407 358
408 358
409 358
410 358
411 358
412 358
413 358
414 358
415 358
416 358
425 358
426 358
427 358
428 358
429 358
430 358
431 358
432 358
433 358
434 358
435 358
436 358
437 358
438 358
439 358
440 358
441 358
443 358
444 358
446 358
447 358
448 358
393 359
394 359
395 359
396 359
397 359
398 359
399 359
400 359
408 359
410 359
412 359
414 359
416 359
424 359
426 359
428 359
430 359
432 359
440 359
442 359
444 359
446 359
448 359
392 360
394 360
396 360
398 360
400 360
401 360
402 360
403 360
404 360
405 360
406 360
407 360
408 360
410 360
411 360
414 360
415 360
416 360
423 360
424 360
425 360
428 360
429 360
431 360
432 360
433 360
434 360
435 360
436 360
437 360
438 360
439 360
441 360
442 360
443 360
444 360
445 360
446 360
447 360
448 360
391 361
392 361
393 361
396 361
397 361
399 361
400 361
402 361
404 361
406 361
408 361
410 361
414 361
416 361
422 361
424 361
428 361
430 361
432 361
434 361
436 361
438 361
440 361
442 361
444 361
446 361
448 361
390 362
392 362
396 362
398 362
400 362
401 362
402 362
403 362
404 362
405 362
406 362
407 362
408 362
410 362
411 362
412 362
413 362
414 362
415 362
416 362
421 362
422 362
423 362
424 362
425 362
426 362
427 362
429 362
430 362
431 362
432 362
433 362
434 362
435 362
436 362
437 362
439 362
440 362
442 362
443 362
446 362
447 362
448 362
389 363
390 363
391 363
392 363
393 363
394 363
395 363
397 363
398 363
399 363
400 363
404 363
406 363
408 363
410 363
412 363
414 363
416 363
420 363
422 363
424 363
426 363
428 363
430 363
432 363
436 363
438 363
440 363
442 363
446 363
448 363
388 364
390 364
392 364
394 364
396 364
398 364
400 364
401 364
402 364
403 364
404 364
406 364
407 364
408 364
410 364
411 364
412 364
414 364
415 364
416 364
419 364
420 364
421 364
423 364
424 364
425 364
427 364
428 364
429 364
431 364
432 364
433 364
434 364
435 364
437 364
438 364
439 364
440 364
442 364
443 364
444 364
445 364
446 364
447 364
448 364
384 365
385 365
387 365
388 365
389 365
391 365
392 365
393 365
395 365
396 365
397 365
399 365
400 365
402 365
404 365
406 365
408 365
410 365
412 365
414 365
416 365
418 365
420 365
422 365
424 365
426 365
428 365
430 365
432 365
434 365
436 365
438 365
440 365
442 365
444 365
446 365
448 365
384 366
386 366
388 366
390 366
392 366
394 366
396 366
398 366
400 366
401 366
402 366
403 366
404 366
405 366
406 366
407 366
408 366
409 366
410 366
411 366
412 366
413 366
414 366
415 366
416 366
417 366
418 366
419 366
420 366
421 366
422 366
423 366
424 366
425 366
426 366
427 366
428 366
429 366
430 366
431 366
432 366
433 366
435 366
436 366
438 366
439 366
440 366
442 366
443 366
444 366
446 366
447 366
448 366
450 366
451 366
382 367
383 367
384 367
385 367
386 367
387 367
388 367
389 367
390 367
391 367
392 367
393 367
394 367
395 367
396 367
397 367
398 367
399 367
400 367
432 367
434 367
436 367
438 367
440 367
442 367
444 367
446 367
448 367
450 367
382 368
384 368
386 368
388 368
390 368
392 368
394 368
396 368
398 368
400 368
401 368
402 368
403 368
404 368
405 368
406 368
407 368
408 368
409 368
410 368
411 368
412 368
413 368
414 368
415 368
416 368
417 368
418 368
419 368
420 368
421 368
422 368
423 368
424 368
425 368
426 368
427 368
428 368
429 368
430 368
431 368
433 368
434 368
435 368
436 368
437 368
438 368
439 368
440 368
441 368
442 368
443 368
444 368
445 368
446 368
447 368
448 368
449 368
450 368
451 368
384 369
385 369
386 369
388 369
389 369
390 369
392 369
393 369
394 369
396 369
397 369
399 369
400 369
402 369
404 369
406 369
408 369
410 369
412 369
414 369
416 369
418 369
420 369
422 369
424 369
426 369
428 369
430 369
432 369
434 369
436 369
438 369
440 369
442 369
444 369
446 369
448 369
450 369
384 370
386 370
388 370
390 370
392 370
394 370
396 370
398 370
400 370
401 370
402 370
403 370
404 370
405 370
406 370
407 370
408 370
409 370
410 370
411 370
412 370
413 370
414 370
415 370
416 370
417 370
418 370
419 370
420 370
421 370
422 370
423 370
424 370
425 370
426 370
427 370
428 370
429 370
431 370
432 370
434 370
435 370
437 370
438 370
439 370
441 370
442 370
443 370
445 370
446 370
447 370
384 371
385 371
386 371
387 371
388 371
389 371
390 371
392 371
393 371
394 371
395 371
397 371
398 371
399 371
400 371
404 371
408 371
412 371
416 371
420 371
424 371
428 371
430 371
432 371
434 371
436 371
438 371
440 371
442 371
444 371
446 371
384 372
386 372
390 372
392 372
394 372
396 372
398 372
400 372
401 372
402 372
403 372
404 372
407 372
408 372
409 372
410 372
411 372
412 372
415 372
416 372
417 372
418 372
419 372
420 372
423 372
424 372
425 372
426 372
427 372
429 372
430 372
431 372
432 372
434 372
435 372
436 372
437 372
439 372
440 372
441 372
442 372
443 372
444 372
445 372
384 373
385 373
386 373
389 373
390 373
392 373
393 373
395 373
396 373
397 373
399 373
400 373
402 373
404 373
406 373
408 373
410 373
412 373
414 373
416 373
418 373
420 373
422 373
424 373
426 373
428 373
430 373
432 373
434 373
436 373
438 373
442 373
444 373
384 374
386 374
388 374
390 374
392 374
394 374
396 374
398 374
400 374
401 374
402 374
403 374
404 374
405 374
406 374
407 374
408 374
409 374
410 374
411 374
412 374
413 374
414 374
415 374
416 374
417 374
418 374
419 374
420 374
421 374
422 374
423 374
424 374
425 374
427 374
428 374
430 374
431 374
432 374
434 374
435 374
437 374
438 374
441 374
442 374
443 374
384 375
385 375
386 375
387 375
388 375
389 375
390 375
391 375
393 375
394 375
395 375
396 375
397 375
398 375
399 375
400 375
408 375
410 375
414 375
416 375
424 375
426 375
428 375
430 375
432 375
434 375
436 375
438 375
440 375
442 375
384 376
386 376
388 376
390 376
392 376
394 376
396 376
398 376
400 376
401 376
402 376
403 376
404 376
405 376
406 376
407 376
408 376
410 376
411 376
412 376
413 376
415 376
416 376
417 376
418 376
419 376
420 376
421 376
422 376
423 376
425 376
426 376
427 376
428 376
429 376
430 376
431 376
432 376
434 376
435 376
436 376
437 376
438 376
439 376
440 376
441 376
384 377
385 377
386 377
388 377
389 377
391 377
392 377
393 377
396 377
397 377
399 377
400 377
402 377
404 377
406 377
408 377
410 377
412 377
414 377
416 377
418 377
420 377
422 377
424 377
426 377
428 377
430 377
432 377
434 377
436 377
438 377
440 377
384 378
386 378
388 378
390 378
392 378
396 378
398 378
400 378
401 378
402 378
403 378
404 378
405 378
406 378
407 378
408 378
410 378
411 378
413 378
414 378
415 378
416 378
417 378
418 378
419 378
420 378
421 378
423 378
424 378
426 378
427 378
430 378
431 378
432 378
434 378
435 378
437 378
438 378
439 378
384 379
385 379
386 379
387 379
389 379
390 379
391 379
392 379
393 379
394 379
395 379
397 379
398 379
399 379
400 379
404 379
406 379
408 379
412 379
414 379
416 379
420 379
422 379
424 379
426 379
430 379
432 379
434 379
436 379
438 379
384 380
386 380
388 380
390 380
392 380
394 380
396 380
398 380
400 380
401 380
402 380
403 380
404 380
406 380
407 380
408 380
411 380
412 380
413 380
415 380
416 380
417 380
418 380
419 380
421 380
422 380
423 380
424 380
426 380
427 380
428 380
429 380
430 380
431 380
432 380
434 380
435 380
436 380
437 380
368 381
369 381
384 381
385 381
387 381
388 381
389 381
391 381
392 381
393 381
395 381
396 381
397 381
399 381
400 381
402 381
404 381
406 381
408 381
410 381
412 381
414 381
416 381
418 381
420 381
422 381
424 381
426 381
428 381
430 381
432 381
434 381
436 381
368 382
384 382
386 382
388 382
390 382
392 382
394 382
396 382
398 382
400 382
401 382
402 382
403 382
404 382
405 382
406 382
407 382
408 382
409 382
410 382
411 382
412 382
413 382
414 382
415 382
416 382
417 382
419 382
420 382
422 382
423 382
424 382
426 382
427 382
428 382
430 382
431 382
432 382
434 382
435 382
450 382
451 382
366 383
367 383
368 383
369 383
370 383
371 383
372 383
373 383
374 383
375 383
376 383
377 383
378 383
379 383
380 383
381 383
382 383
383 383
385 383
386 383
387 383
388 383
389 383
390 383
391 383
392 383
393 383
394 383
395 383
396 383
397 383
398 383
399 383
400 383
416 383
418 383
420 383
422 383
424 383
426 383
428 383
430 383
432 383
434 383
450 383
366 384
368 384
370 384
372 384
374 384
376 384
378 384
380 384
382 384
384 384
386 384
388 384
390 384
392 384
394 384
396 384
398 384
400 384
401 384
402 384
403 384
404 384
405 384
406 384
407 384
408 384
409 384
410 384
411 384
412 384
413 384
414 384
415 384
417 384
418 384
419 384
420 384
421 384
422 384
423 384
424 384
425 384
426 384
427 384
428 384
429 384
430 384
431 384
432 384
434 384
435 384
436 384
437 384
438 384
439 384
440 384
441 384
442 384
443 384
444 384
445 384
446 384
447 384
448 384
449 384
450 384
451 384
367 385
368 385
369 385
370 385
371 385
372 385
373 385
374 385
375 385
376 385
377 385
378 385
379 385
380 385
381 385
383 385
384 385
385 385
388 385
389 385
390 385
392 385
393 385
394 385
396 385
397 385
399 385
400 385
402 385
404 385
406 385
408 385
410 385
412 385
414 385
416 385
418 385
420 385
422 385
424 385
426 385
428 385
430 385
432 385
434 385
436 385
438 385
440 385
442 385
444 385
446 385
448 385
450 385
366 386
368 386
372 386
376 386
380 386
382 386
384 386
388 386
390 386
392 386
394 386
396 386
398 386
400 386
401 386
402 386
403 386
404 386
405 386
406 386
407 386
408 386
409 386
410 386
411 386
412 386
413 386
415 386
416 386
418 386
419 386
421 386
422 386
423 386
425 386
426 386
427 386
430 386
431 386
432 386
434 386
435 386
436 386
437 386
438 386
439 386
440 386
441 386
442 386
443 386
444 386
445 386
446 386
447 386
448 386
365 387
366 387
367 387
368 387
369 387
370 387
371 387
372 387
375 387
376 387
377 387
378 387
379 387
381 387
382 387
383 387
384 387
385 387
386 387
387 387
389 387
390 387
392 387
393 387
394 387
395 387
397 387
398 387
399 387
400 387
404 387
408 387
412 387
414 387
416 387
418 387
420 387
422 387
424 387
426 387
430 387
432 387
434 387
438 387
442 387
446 387
448 387
364 388
366 388
368 388
370 388
372 388
374 388
376 388
378 388
380 388
382 388
384 388
386 388
388 388
390 388
392 388
394 388
396 388
398 388
400 388
401 388
402 388
403 388
404 388
407 388
408 388
409 388
410 388
411 388
413 388
414 388
415 388
416 388
418 388
419 388
420 388
421 388
423 388
424 388
426 388
427 388
428 388
429 388
430 388
431 388
432 388
434 388
435 388
436 388
437 388
438 388
441 388
442 388
443 388
444 388
445 388
446 388
447 388
448 388
363 389
364 389
365 389
367 389
368 389
369 389
370 389
371 389
372 389
373 389
374 389
375 389
376 389
377 389
379 389
380 389
381 389
383 389
384 389
385 389
386 389
387 389
388 389
389 389
392 389
393 389
395 389
396 389
397 389
399 389
400 389
402 389
404 389
406 389
408 389
410 389
412 389
414 389
416 389
418 389
420 389
422 389
424 389
426 389
428 389
430 389
432 389
434 389
436 389
438 389
440 389
442 389
444 389
446 389
448 389
362 390
364 390
366 390
368 390
376 390
378 390
380 390
382 390
384 390
392 390
394 390
396 390
398 390
400 390
401 390
402 390
403 390
404 390
405 390
406 390
407 390
408 390
409 390
411 390
412 390
414 390
415 390
416 390
418 390
419 390
422 390
423 390
424 390
425 390
426 390
427 390
428 390
430 390
431 390
432 390
434 390
435 390
436 390
437 390
438 390
439 390
440 390
441 390
442 390
443 390
444 390
446 390
447 390
448 390
361 391
362 391
363 391
364 391
365 391
366 391
367 391
368 391
369 391
370 391
371 391
372 391
373 391
374 391
375 391
377 391
378 391
379 391
380 391
381 391
382 391
383 391
384 391
385 391
386 391
387 391
388 391
389 391
390 391
391 391
393 391
394 391
395 391
396 391
397 391
398 391
399 391
400 391
408 391
410 391
412 391
414 391
416 391
418 391
426 391
428 391
430 391
432 391
434 391
442 391
444 391
446 391
448 391
360 392
362 392
364 392
366 392
368 392
370 392
372 392
374 392
376 392
378 392
380 392
382 392
384 392
386 392
388 392
390 392
392 392
394 392
396 392
398 392
400 392
401 392
402 392
403 392
404 392
405 392
406 392
407 392
409 392
410 392
411 392
412 392
413 392
414 392
415 392
416 392
418 392
419 392
420 392
421 392
422 392
423 392
424 392
425 392
426 392
427 392
428 392
429 392
430 392
431 392
432 392
434 392
435 392
436 392
437 392
438 392
439 392
440 392
441 392
442 392
443 392
444 392
445 392
446 392
447 392
448 392
359 393
360 393
361 393
364 393
365 393
367 393
368 393
369 393
370 393
371 393
372 393
373 393
375 393
376 393
377 393
380 393
381 393
383 393
384 393
385 393
386 393
387 393
388 393
389 393
391 393
392 393
393 393
396 393
397 393
399 393
400 393
402 393
404 393
406 393
408 393
410 393
412 393
414 393
416 393
418 393
420 393
422 393
424 393
426 393
428 393
430 393
432 393
434 393
436 393
438 393
440 393
442 393
444 393
446 393
448 393
358 394
360 394
364 394
366 394
368 394
372 394
374 394
376 394
380 394
382 394
384 394
388 394
390 394
392 394
396 394
398 394
400 394
401 394
402 394
403 394
404 394
405 394
407 394
408 394
410 394
411 394
414 394
415 394
416 394
418 394
419 394
420 394
421 394
422 394
423 394
424 394
426 394
427 394
430 394
431 394
432 394
434 394
435 394
436 394
437 394
438 394
439 394
440 394
442 394
443 394
446 394
447 394
448 394
357 395
358 395
359 395
360 395
361 395
362 395
363 395
365 395
366 395
367 395
368 395
369 395
370 395
371 395
373 395
374 395
375 395
376 395
377 395
378 395
379 395
381 395
382 395
383 395
384 395
385 395
386 395
387 395
389 395
390 395
391 395
392 395
393 395
394 395
395 395
397 395
398 395
399 395
400 395
404 395
406 395
408 395
410 395
414 395
416 395
418 395
422 395
424 395
426 395
430 395
432 395
434 395
438 395
440 395
442 395
446 395
448 395
356 396
358 396
360 396
362 396
364 396
366 396
368 396
370 396
372 396
374 396
376 396
378 396
380 396
382 396
384 396
386 396
388 396
390 396
392 396
394 396
396 396
398 396
400 396
401 396
402 396
403 396
405 396
406 396
407 396
408 396
410 396
411 396
412 396
413 396
414 396
415 396
416 396
418 396
419 396
420 396
421 396
422 396
423 396
424 396
426 396
427 396
428 396
429 396
430 396
431 396
432 396
434 396
435 396
436 396
437 396
438 396
439 396
440 396
442 396
443 396
444 396
445 396
446 396
447 396
448 396
352 397
353 397
355 397
356 397
357 397
359 397
360 397
361 397
363 397
364 397
365 397
367 397
368 397
369 397
371 397
372 397
373 397
375 397
376 397
377 397
379 397
380 397
381 397
383 397
384 397
385 397
387 397
388 397
389 397
391 397
392 397
393 397
395 397
396 397
397 397
399 397
400 397
402 397
404 397
406 397
408 397
410 397
412 397
414 397
416 397
418 397
420 397
422 397
424 397
426 397
428 397
430 397
432 397
434 397
436 397
438 397
440 397
442 397
444 397
446 397
448 397
352 398
354 398
356 398
358 398
360 398
362 398
364 398
366 398
368 398
370 398
372 398
374 398
376 398
378 398
380 398
382 398
384 398
386 398
388 398
390 398
392 398
394 398
396 398
398 398
400 398
401 398
403 398
404 398
406 398
407 398
408 398
410 398
411 398
412 398
414 398
415 398
416 398
418 398
419 398
420 398
422 398
423 398
424 398
426 398
427 398
428 398
430 398
431 398
432 398
434 398
435 398
436 398
438 398
439 398
440 398
442 398
443 398
444 398
446 398
447 398
448 398
450 398
451 398
350 399
351 399
352 399
353 399
354 399
355 399
356 399
357 399
358 399
359 399
360 399
361 399
362 399
363 399
364 399
365 399
366 399
367 399
368 399
369 399
370 399
371 399
372 399
373 399
374 399
375 399
376 399
377 399
378 399
379 399
380 399
381 399
382 399
383 399
384 399
385 399
386 399
387 399
388 399
389 399
390 399
391 399
392 399
393 399
394 399
395 399
396 399
397 399
398 399
399 399
400 399
402 399
404 399
406 399
408 399
410 399
412 399
414 399
416 399
418 399
420 399
422 399
424 399
426 399
428 399
430 399
432 399
434 399
436 399
438 399
440 399
442 399
444 399
446 399
448 399
450 399
350 400
352 400
354 400
356 400
358 400
360 400
362 400
364 400
366 400
368 400
370 400
372 400
374 400
376 400
378 400
380 400
382 400
384 400
386 400
388 400
390 400
392 400
394 400
396 400
398 400
400 400
401 400
402 400
403 400
404 400
405 400
406 400
407 400
408 400
409 400
410 400
411 400
412 400
413 400
414 400
415 400
416 400
417 400
418 400
419 400
420 400
421 400
422 400
423 400
424 400
425 400
426 400
427 400
428 400
429 400
430 400
431 400
432 400
433 400
434 400
435 400
436 400
437 400
438 400
439 400
440 400
441 400
442 400
443 400
444 400
445 400
446 400
447 400
448 400
449 400
450 400
451 400
350 401
351 401
352 401
354 401
355 401
356 401
358 401
359 401
360 401
362 401
363 401
364 401
366 401
367 401
368 401
370 401
371 401
372 401
374 401
375 401
376 401
378 401
379 401
380 401
382 401
383 401
384 401
386 401
387 401
388 401
390 401
391 401
392 401
394 401
395 401
396 401
398 401
399 401
401 401
403 401
405 401
407 401
409 401
411 401
413 401
415 401
417 401
419 401
421 401
423 401
425 401
427 401
429 401
431 401
433 401
435 401
437 401
439 401
441 401
443 401
445 401
447 401
449 401
350 402
352 402
354 402
356 402
358 402
360 402
362 402
364 402
366 402
368 402
370 402
372 402
374 402
376 402
378 402
380 402
382 402
384 402
386 402
388 402
390 402
392 402
394 402
396 402
398 402
399 402
400 402
401 402
402 402
404 402
405 402
406 402
408 402
409 402
410 402
412 402
413 402
414 402
416 402
417 402
418 402
420 402
421 402
422 402
424 402
425 402
426 402
428 402
429 402
430 402
432 402
433 402
434 402
436 402
437 402
438 402
440 402
441 402
442 402
444 402
445 402
446 402
448 402
449 402
354 403
355 403
356 403
357 403
358 403
359 403
360 403
362 403
363 403
364 403
365 403
366 403
367 403
368 403
370 403
371 403
372 403
373 403
374 403
375 403
376 403
378 403
379 403
380 403
381 403
382 403
383 403
384 403
386 403
387 403
388 403
389 403
390 403
391 403
392 403
394 403
395 403
396 403
397 403
401 403
403 403
405 403
407 403
409 403
411 403
413 403
415 403
417 403
419 403
421 403
423 403
425 403
427 403
429 403
431 403
433 403
435 403
437 403
439 403
441 403
443 403
445 403
354 404
356 404
360 404
362 404
364 404
368 404
370 404
372 404
376 404
378 404
380 404
384 404
386 404
388 404
392 404
394 404
396 404
397 404
398 404
399 404
400 404
401 404
402 404
403 404
404 404
406 404
407 404
408 404
409 404
410 404
411 404
412 404
414 404
415 404
416 404
417 404
418 404
419 404
420 404
422 404
423 404
424 404
425 404
426 404
427 404
428 404
430 404
431 404
432 404
433 404
434 404
435 404
436 404
438 404
439 404
440 404
441 404
442 404
443 404
444 404
354 405
355 405
356 405
359 405
360 405
362 405
363 405
364 405
365 405
366 405
367 405
368 405
370 405
371 405
372 405
375 405
376 405
378 405
379 405
380 405
381 405
382 405
383 405
384 405
386 405
387 405
388 405
391 405
392 405
394 405
395 405
397 405
399 405
401 405
403 405
405 405
409 405
411 405
413 405
417 405
419 405
421 405
425 405
427 405
429 405
433 405
435 405
437 405
441 405
443 405
354 406
356 406
358 406
360 406
362 406
364 406
366 406
368 406
370 406
372 406
374 406
376 406
378 406
380 406
382 406
384 406
386 406
388 406
390 406
392 406
394 406
395 406
396 406
397 406
398 406
399 406
400 406
401 406
402 406
404 406
405 406
408 406
409 406
410 406
412 406
413 406
414 406
415 406
416 406
417 406
418 406
420 406
421 406
424 406
425 406
426 406
428 406
429 406
430 406
431 406
432 406
433 406
434 406
436 406
437 406
440 406
441 406
442 406
354 407
355 407
356 407
357 407
358 407
359 407
360 407
361 407
362 407
363 407
364 407
365 407
366 407
367 407
368 407
370 407
371 407
372 407
373 407
374 407
375 407
376 407
377 407
378 407
379 407
380 407
381 407
382 407
383 407
384 407
386 407
387 407
388 407
389 407
390 407
391 407
392 407
393 407
401 407
403 407
405 407
407 407
409 407
411 407
413 407
415 407
417 407
419 407
421 407
423 407
425 407
427 407
429 407
431 407
433 407
435 407
437 407
439 407
441 407
354 408
356 408
358 408
360 408
368 408
370 408
372 408
374 408
376 408
384 408
386 408
388 408
390 408
392 408
393 408
394 408
395 408
396 408
397 408
398 408
399 408
400 408
401 408
402 408
403 408
404 408
405 408
406 408
407 408
408 408
410 408
411 408
412 408
413 408
414 408
415 408
416 408
417 408
418 408
419 408
420 408
421 408
422 408
423 408
424 408
426 408
427 408
428 408
429 408
430 408
431 408
432 408
433 408
434 408
435 408
436 408
437 408
438 408
439 408
440 408
354 409
355 409
356 409
358 409
359 409
360 409
361 409
362 409
363 409
364 409
365 409
366 409
367 409
368 409
370 409
371 409
372 409
374 409
375 409
376 409
377 409
378 409
379 409
380 409
383 409
384 409
386 409
387 409
388 409
390 409
391 409
393 409
395 409
397 409
399 409
401 409
403 409
405 409
407 409
409 409
417 409
419 409
421 409
423 409
425 409
433 409
435 409
437 409
439 409
354 410
356 410
358 410
360 410
362 410
364 410
366 410
368 410
370 410
372 410
374 410
376 410
378 410
380 410
382 410
384 410
386 410
388 410
390 410
391 410
392 410
393 410
394 410
397 410
398 410
399 410
400 410
401 410
402 410
404 410
405 410
406 410
408 410
409 410
412 410
413 410
414 410
415 410
416 410
417 410
418 410
420 410
421 410
422 410
424 410
425 410
426 410
427 410
428 410
429 410
430 410
431 410
432 410
433 410
434 410
436 410
437 410
438 410
354 411
355 411
356 411
357 411
358 411
359 411
360 411
361 411
364 411
365 411
366 411
367 411
368 411
370 411
371 411
372 411
373 411
374 411
375 411
376 411
378 411
379 411
381 411
382 411
383 411
384 411
386 411
387 411
388 411
389 411
393 411
397 411
401 411
403 411
405 411
407 411
409 411
411 411
413 411
415 411
417 411
419 411
421 411
423 411
425 411
427 411
429 411
431 411
433 411
435 411
437 411
354 412
356 412
360 412
364 412
368 412
370 412
372 412
376 412
378 412
380 412
382 412
384 412
386 412
388 412
389 412
390 412
391 412
392 412
393 412
394 412
395 412
396 412
397 412
398 412
399 412
400 412
401 412
402 412
403 412
404 412
406 412
407 412
408 412
409 412
411 412
412 412
414 412
415 412
416 412
417 412
418 412
419 412
420 412
422 412
423 412
424 412
425 412
426 412
429 412
430 412
431 412
432 412
433 412
434 412
435 412
436 412
352 413
354 413
355 413
356 413
357 413
358 413
359 413
360 413
361 413
362 413
363 413
364 413
365 413
366 413
367 413
368 413
370 413
371 413
372 413
375 413
376 413
377 413
379 413
380 413
381 413
383 413
384 413
386 413
387 413
389 413
391 413
393 413
395 413
397 413
399 413
401 413
403 413
405 413
407 413
409 413
411 413
413 413
417 413
419 413
421 413
425 413
429 413
433 413
435 413
352 414
354 414
356 414
358 414
360 414
362 414
364 414
366 414
368 414
370 414
372 414
374 414
376 414
378 414
380 414
382 414
384 414
386 414
387 414
388 414
389 414
390 414
391 414
392 414
393 414
394 414
395 414
396 414
397 414
398 414
399 414
400 414
401 414
402 414
404 414
405 414
407 414
408 414
409 414
411 414
412 414
413 414
416 414
417 414
418 414
420 414
421 414
422 414
423 414
424 414
425 414
426 414
427 414
428 414
429 414
430 414
431 414
432 414
433 414
434 414
350 415
351 415
352 415
353 415
354 415
355 415
356 415
357 415
358 415
359 415
360 415
361 415
362 415
363 415
364 415
365 415
366 415
367 415
368 415
370 415
371 415
372 415
373 415
374 415
375 415
376 415
377 415
378 415
379 415
380 415
381 415
382 415
383 415
384 415
385 415
401 415
403 415
405 415
407 415
409 415
411 415
413 415
415 415
417 415
419 415
421 415
423 415
425 415
427 415
429 415
431 415
433 415
435 415
350 416
352 416
368 416
370 416
372 416
374 416
376 416
378 416
380 416
382 416
384 416
385 416
386 416
387 416
388 416
389 416
390 416
391 416
392 416
393 416
394 416
395 416
396 416
397 416
398 416
399 416
400 416
401 416
402 416
403 416
404 416
405 416
406 416
407 416
408 416
409 416
410 416
411 416
412 416
413 416
414 416
415 416
416 416
418 416
419 416
420 416
421 416
422 416
423 416
424 416
425 416
426 416
427 416
428 416
429 416
430 416
431 416
432 416
433 416
434 416
435 416
350 417
351 417
352 417
353 417
367 417
368 417
370 417
371 417
372 417
374 417
375 417
376 417
378 417
379 417
380 417
382 417
383 417
385 417
387 417
389 417
391 417
393 417
395 417
397 417
399 417
401 417
403 417
405 417
407 417
409 417
411 417
413 417
415 417
417 417
433 417
350 418
352 418
366 418
368 418
370 418
372 418
374 418
376 418
378 418
380 418
382 418
383 418
384 418
385 418
386 418
388 418
389 418
390 418
393 418
394 418
395 418
397 418
398 418
399 418
400 418
401 418
402 418
404 418
405 418
406 418
408 418
409 418
410 418
412 418
413 418
414 418
416 418
417 418
432 418
433 418
365 419
366 419
367 419
368 419
370 419
371 419
372 419
373 419
374 419
375 419
376 419
378 419
379 419
380 419
381 419
385 419
387 419
389 419
393 419
395 419
397 419
401 419
403 419
405 419
407 419
409 419
411 419
413 419
415 419
417 419
364 420
366 420
368 420
370 420
372 420
376 420
378 420
380 420
381 420
382 420
383 420
384 420
385 420
386 420
387 420
388 420
390 420
391 420
393 420
394 420
395 420
396 420
397 420
398 420
399 420
400 420
401 420
402 420
403 420
404 420
406 420
407 420
408 420
409 420
410 420
411 420
412 420
414 420
415 420
416 420
417 420
363 421
364 421
365 421
367 421
368 421
370 421
371 421
372 421
375 421
376 421
378 421
379 421
381 421
383 421
385 421
387 421
389 421
391 421
393 421
395 421
397 421
399 421
401 421
403 421
405 421
409 421
411 421
413 421
415 421
417 421
362 422
364 422
366 422
368 422
370 422
372 422
374 422
376 422
378 422
379 422
380 422
381 422
382 422
383 422
384 422
385 422
386 422
388 422
389 422
390 422
391 422
393 422
394 422
395 422
396 422
397 422
398 422
399 422
400 422
401 422
402 422
404 422
405 422
408 422
409 422
410 422
412 422
413 422
415 422
416 422
417 422
361 423
362 423
363 423
364 423
365 423
366 423
367 423
368 423
370 423
371 423
372 423
373 423
374 423
375 423
376 423
377 423
385 423
387 423
391 423
393 423
401 423
403 423
405 423
407 423
409 423
411 423
413 423
415 423
417 423
360 424
362 424
364 424
366 424
368 424
370 424
372 424
374 424
376 424
377 424
378 424
379 424
380 424
381 424
382 424
383 424
384 424
385 424
386 424
387 424
388 424
389 424
390 424
391 424
392 424
393 424
394 424
395 424
396 424
397 424
398 424
399 424
400 424
401 424
402 424
403 424
404 424
405 424
406 424
407 424
408 424
410 424
411 424
412 424
413 424
414 424
415 424
416 424
417 424
359 425
360 425
361 425
364 425
365 425
367 425
368 425
370 425
371 425
372 425
374 425
375 425
377 425
379 425
381 425
383 425
385 425
387 425
389 425
391 425
393 425
395 425
397 425
399 425
401 425
403 425
405 425
407 425
409 425
411 425
413 425
415 425
417 425
358 426
360 426
364 426
366 426
368 426
370 426
372 426
374 426
375 426
376 426
377 426
378 426
381 426
382 426
383 426
384 426
385 426
386 426
389 426
390 426
391 426
392 426
393 426
394 426
397 426
398 426
399 426
400 426
401 426
402 426
404 426
405 426
406 426
408 426
409 426
411 426
412 426
415 426
416 426
417 426
357 427
358 427
359 427
360 427
361 427
362 427
363 427
365 427
366 427
367 427
368 427
370 427
371 427
372 427
373 427
377 427
381 427
385 427
389 427
393 427
397 427
401 427
403 427
405 427
407 427
409 427
411 427
415 427
417 427
356 428
358 428
360 428
362 428
364 428
366 428
368 428
370 428
372 428
373 428
374 428
375 428
376 428
377 428
378 428
379 428
380 428
381 428
382 428
383 428
384 428
385 428
386 428
387 428
388 428
389 428
390 428
391 428
392 428
393 428
394 428
395 428
396 428
397 428
398 428
399 428
400 428
401 428
402 428
403 428
404 428
406 428
407 428
408 428
409 428
411 428
412 428
413 428
414 428
415 428
416 428
417 428
352 429
353 429
355 429
356 429
357 429
359 429
360 429
361 429
363 429
364 429
365 429
367 429
368 429
370 429
371 429
373 429
375 429
377 429
379 429
381 429
383 429
385 429
387 429
389 429
391 429
393 429
395 429
397 429
399 429
401 429
403 429
405 429
407 429
409 429
411 429
413 429
415 429
417 429
352 430
354 430
356 430
358 430
360 430
362 430
364 430
366 430
368 430
370 430
371 430
372 430
373 430
374 430
375 430
376 430
377 430
378 430
379 430
380 430
381 430
382 430
383 430
384 430
385 430
386 430
387 430
388 430
389 430
390 430
391 430
392 430
393 430
394 430
395 430
396 430
397 430
398 430
399 430
400 430
401 430
402 430
404 430
405 430
407 430
408 430
409 430
411 430
412 430
413 430
415 430
416 430
417 430
350 431
351 431
352 431
353 431
354 431
355 431
356 431
357 431
358 431
359 431
360 431
361 431
362 431
363 431
364 431
365 431
366 431
367 431
368 431
369 431
401 431
403 431
405 431
407 431
409 431
411 431
413 431
415 431
417 431
419 431
350 432
352 432
354 432
356 432
358 432
360 432
362 432
364 432
366 432
368 432
369 432
370 432
371 432
372 432
373 432
374 432
375 432
376 432
377 432
378 432
379 432
380 432
381 432
382 432
383 432
384 432
385 432
386 432
387 432
388 432
389 432
390 432
391 432
392 432
393 432
394 432
395 432
396 432
397 432
398 432
399 432
400 432
401 432
402 432
403 432
404 432
405 432
406 432
407 432
408 432
409 432
410 432
411 432
412 432
413 432
414 432
415 432
416 432
417 432
418 432
419 432
350 433
351 433
352 433
354 433
355 433
356 433
358 433
359 433
360 433
362 433
363 433
364 433
366 433
367 433
369 433
371 433
373 433
375 433
377 433
379 433
381 433
383 433
385 433
387 433
389 433
391 433
393 433
395 433
397 433
399 433
401 433
403 433
405 433
407 433
409 433
411 433
413 433
415 433
417 433
350 434
352 434
354 434
356 434
358 434
360 434
362 434
364 434
366 434
367 434
368 434
369 434
370 434
372 434
373 434
374 434
376 434
377 434
378 434
380 434
381 434
382 434
385 434
386 434
387 434
389 434
390 434
391 434
393 434
394 434
395 434
397 434
398 434
399 434
400 434
401 434
402 434
404 434
405 434
406 434
408 434
409 434
410 434
412 434
413 434
414 434
416 434
417 434
354 435
355 435
356 435
357 435
358 435
359 435
360 435
362 435
363 435
364 435
365 435
369 435
371 435
373 435
375 435
377 435
379 435
381 435
385 435
387 435
389 435
391 435
393 435
395 435
397 435
401 435
403 435
405 435
407 435
409 435
411 435
413 435
354 436
356 436
360 436
362 436
364 436
365 436
366 436
367 436
368 436
369 436
370 436
371 436
372 436
374 436
375 436
376 436
377 436
378 436
379 436
380 436
385 436
386 436
387 436
388 436
389 436
390 436
391 436
393 436
394 436
395 436
396 436
397 436
398 436
399 436
400 436
401 436
402 436
403 436
404 436
406 436
407 436
408 436
409 436
410 436
411 436
412 436
354 437
355 437
356 437
359 437
360 437
362 437
363 437
365 437
367 437
369 437
371 437
373 437
377 437
379 437
385 437
387 437
391 437
393 437
395 437
397 437
399 437
401 437
403 437
405 437
409 437
411 437
354 438
356 438
358 438
360 438
362 438
363 438
364 438
365 438
366 438
367 438
368 438
369 438
370 438
372 438
373 438
376 438
377 438
378 438
385 438
386 438
387 438
390 438
391 438
393 438
394 438
395 438
396 438
397 438
398 438
399 438
400 438
401 438
402 438
404 438
405 438
408 438
409 438
410 438
354 439
355 439
356 439
357 439
358 439
359 439
360 439
361 439
369 439
371 439
373 439
375 439
377 439
385 439
387 439
389 439
391 439
393 439
401 439
403 439
405 439
407 439
409 439
354 440
356 440
358 440
360 440
361 440
362 440
363 440
364 440
365 440
366 440
367 440
368 440
369 440
370 440
371 440
372 440
373 440
374 440
375 440
376 440
385 440
386 440
387 440
388 440
389 440
390 440
391 440
392 440
393 440
394 440
395 440
396 440
397 440
398 440
399 440
400 440
401 440
402 440
403 440
404 440
405 440
406 440
407 440
408 440
354 441
355 441
356 441
358 441
359 441
361 441
363 441
365 441
367 441
369 441
371 441
373 441
375 441
385 441
387 441
389 441
391 441
393 441
395 441
397 441
399 441
401 441
403 441
405 441
407 441
354 442
356 442
358 442
359 442
360 442
361 442
362 442
365 442
366 442
367 442
368 442
369 442
370 442
372 442
373 442
374 442
385 442
386 442
387 442
389 442
390 442
391 442
392 442
393 442
394 442
397 442
398 442
399 442
400 442
401 442
402 442
404 442
405 442
406 442
354 443
355 443
356 443
357 443
361 443
365 443
369 443
371 443
373 443
385 443
387 443
389 443
393 443
397 443
401 443
403 443
405 443
354 444
356 444
357 444
358 444
359 444
360 444
361 444
362 444
363 444
364 444
365 444
366 444
367 444
368 444
369 444
370 444
371 444
372 444
385 444
386 444
387 444
388 444
389 444
390 444
391 444
392 444
393 444
394 444
395 444
396 444
397 444
398 444
399 444
400 444
401 444
402 444
403 444
404 444
352 445
354 445
355 445
357 445
359 445
361 445
363 445
365 445
367 445
369 445
371 445
385 445
387 445
389 445
391 445
393 445
395 445
397 445
399 445
401 445
403 445
352 446
354 446
355 446
356 446
357 446
358 446
359 446
360 446
361 446
362 446
363 446
364 446
365 446
366 446
367 446
368 446
369 446
370 446
385 446
386 446
387 446
388 446
389 446
390 446
391 446
392 446
393 446
394 446
395 446
396 446
397 446
398 446
399 446
400 446
401 446
402 446
350 447
351 447
352 447
353 447
369 447
371 447
383 447
385 447
401 447
403 447
350 448
352 448
353 448
354 448
355 448
366 448
367 448
368 448
369 448
370 448
371 448
382 448
383 448
384 448
385 448
386 448
387 448
398 448
399 448
400 448
401 448
402 448
403 448
350 449
351 449
353 449
367 449
369 449
383 449
385 449
399 449
401 449
350 450
351 450
352 450
353 450
366 450
367 450
368 450
369 450
382 450
383 450
384 450
385 450
398 450
399 450
400 450
401 450
